0.0
-700.0
89.3
100.0
-700.0
89.9
200.0
-700.0
91.5
300.0
-700.0
94.3
400.0
-700.0
98.2
500.0
-700.0
103.1
600.0
-700.0
109.2
700.0
-700.0
116.4
800.0
-700.0
124.7
900.0
-700.0
134.2
1000.0
-700.0
144.7
1100.0
-700.0
158.3
1200.0
-700.0
169.1
1300.0
-700.0
182.9
1400.0
-700.0
197.9
1500.0
-700.0
214.0
0.0
-600.0
71.4
100.0
-600.0
71.9
200.0
-600.0
73.6
300.0
-600.0
76.3
400.0
-600.0
80.2
500.0
-600.0
85.1
600.0
-600.0
91.2
700.0
-600.0
98.3
800.0
-600.0
106.6
900.0
-600.0
116.0
1000.0
-600.0
126.4
1100.0
-600.0
138.0
1200.0
-600.0
150.7
1300.0
-600.0
164.5
1400.0
-600.0
179.4
1500.0
-600.0
195.4
1600.0
-600.0
212.5
1700.0
-600.0
230.7
1800.0
-600.0
260.0
1900.0
-600.0
270.4
2000.0
-600.0
292.0
2100.0
-600.0
314.7
2200.0
-600.0
338.4
2300.0
-600.0
363.3
2400.0
-600.0
389.4
2500.0
-600.0
416.5
2600.0
-600.0
444.8
2700.0
-600.0
474.2
0.0
-500.0
55.0
100.0
-500.0
55.5
200.0
-500.0
57.2
300.0
-500.0
59.9
400.0
-500.0
63.7
500.0
-500.0
68.7
600.0
-500.0
74.7
700.0
-500.0
81.8
800.0
-500.0
90.0
900.0
-500.0
99.4
1000.0
-500.0
109.8
1100.0
-500.0
121.3
1200.0
-500.0
133.9
1300.0
-500.0
147.6
1400.0
-500.0
162.4
1500.0
-500.0
178.3
1600.0
-500.0
195.3
1700.0
-500.0
213.4
1800.0
-500.0
232.7
1900.0
-500.0
253.0
2000.0
-500.0
274.4
2100.0
-500.0
297.0
2200.0
-500.0
320.6
2300.0
-500.0
345.4
2400.0
-500.0
371.3
2500.0
-500.0
398.3
2600.0
-500.0
426.4
2700.0
-500.0
455.6
2800.0
-500.0
486.0
2900.0
-500.0
517.4
3000.0
-500.0
550.0
3100.0
-500.0
583.7
3200.0
-500.0
618.6
3300.0
-500.0
654.5
3400.0
-500.0
691.7
3500.0
-500.0
729.9
3600.0
-500.0
729.9
0.0
-400.0
40.3
100.0
-400.0
40.8
200.0
-400.0
42.4
300.0
-400.0
45.2
400.0
-400.0
49.0
500.0
-400.0
53.9
600.0
-400.0
59.9
700.0
-400.0
67.0
800.0
-400.0
75.1
900.0
-400.0
84.4
1000.0
-400.0
94.8
1100.0
-400.0
106.2
1200.0
-400.0
118.8
1300.0
-400.0
132.4
1400.0
-400.0
147.1
1500.0
-400.0
162.9
1600.0
-400.0
179.8
1700.0
-400.0
197.9
1800.0
-400.0
217.0
1900.0
-400.0
237.2
2000.0
-400.0
258.5
2100.0
-400.0
280.8
2200.0
-400.0
304.4
2300.0
-400.0
329.1
2400.0
-400.0
354.8
2500.0
-400.0
381.6
2600.0
-400.0
409.6
2700.0
-400.0
438.7
2800.0
-400.0
468.8
2900.0
-400.0
500.1
3000.0
-400.0
532.5
3100.0
-400.0
566.1
3200.0
-400.0
600.7
3300.0
-400.0
636.5
3400.0
-400.0
673.4
3500.0
-400.0
711.4
3600.0
-400.0
750.6
3700.0
-400.0
790.9
3800.0
-400.0
832.3
3900.0
-400.0
874.9
4000.0
-400.0
918.6
4100.0
-400.0
963.5
4200.0
-400.0
1009.5
0.0
-300.0
27.3
100.0
-300.0
27.8
200.0
-300.0
29.5
300.0
-300.0
32.2
400.0
-300.0
36.0
500.0
-300.0
40.9
600.0
-300.0
46.8
700.0
-300.0
53.9
800.0
-300.0
62.0
900.0
-300.0
71.2
1000.0
-300.0
81.5
1100.0
-300.0
92.9
1200.0
-300.0
105.3
1300.0
-300.0
118.9
1400.0
-300.0
133.5
1500.0
-300.0
149.3
1600.0
-300.0
166.1
1700.0
-300.0
184.0
1800.0
-300.0
203.0
1900.0
-300.0
223.1
2000.0
-300.0
244.3
2100.0
-300.0
266.6
2200.0
-300.0
290.0
2300.0
-300.0
314.5
2400.0
-300.0
340.0
2500.0
-300.0
366.7
2600.0
-300.0
394.5
2700.0
-300.0
432.4
2800.0
-300.0
453.4
2900.0
-300.0
484.5
3000.0
-300.0
516.8
3100.0
-300.0
550.1
3200.0
-300.0
584.5
3300.0
-300.0
620.1
3400.0
-300.0
656.8
3500.0
-300.0
694.6
3600.0
-300.0
733.6
3700.0
-300.0
773.6
3800.0
-300.0
814.8
3900.0
-300.0
857.1
4000.0
-300.0
900.6
4100.0
-300.0
945.2
4200.0
-300.0
990.9
4300.0
-300.0
1037.8
4400.0
-300.0
1085.9
4500.0
-300.0
1135.1
4600.0
-300.0
1185.4
4700.0
-300.0
1237.0
4800.0
-300.0
1289.7
0.0
-200.0
16.2
100.0
-200.0
16.8
200.0
-200.0
18.4
300.0
-200.0
21.1
400.0
-200.0
24.8
500.0
-200.0
29.7
600.0
-200.0
35.6
700.0
-200.0
42.6
800.0
-200.0
50.7
900.0
-200.0
59.8
1000.0
-200.0
70.1
1100.0
-200.0
81.4
1200.0
-200.0
93.8
1300.0
-200.0
107.3
1400.0
-200.0
121.8
1500.0
-200.0
137.4
1600.0
-200.0
154.2
1700.0
-200.0
172.0
1800.0
-200.0
190.9
1900.0
-200.0
210.9
2000.0
-200.0
231.9
2100.0
-200.0
254.1
2200.0
-200.0
277.4
2300.0
-200.0
301.7
2400.0
-200.0
327.1
2500.0
-200.0
353.7
2600.0
-200.0
381.3
2700.0
-200.0
410.0
2800.0
-200.0
439.8
2900.0
-200.0
470.7
3000.0
-200.0
502.8
3100.0
-200.0
535.9
3200.0
-200.0
570.2
3300.0
-200.0
605.5
3400.0
-200.0
642.0
3500.0
-200.0
679.6
3600.0
-200.0
718.3
3700.0
-200.0
758.1
3800.0
-200.0
799.1
3900.0
-200.0
841.1
4000.0
-200.0
884.3
4100.0
-200.0
928.7
4200.0
-200.0
974.2
4300.0
-200.0
1020.8
4400.0
-200.0
1068.5
4500.0
-200.0
1117.4
4600.0
-200.0
1167.5
4700.0
-200.0
1218.7
4800.0
-200.0
1271.1
4900.0
-200.0
1324.6
5000.0
-200.0
1379.3
5100.0
-200.0
1435.1
5200.0
-200.0
1492.2
5300.0
-200.0
1550.4
0.0
-100.0
7.1
100.0
-100.0
7.62
200.0
-100.0
9.2
300.0
-100.0
11.9
400.0
-100.0
15.6
500.0
-100.0
20.5
600.0
-100.0
26.3
700.0
-100.0
33.3
800.0
-100.0
41.3
900.0
-100.0
50.5
1000.0
-100.0
60.6
1100.0
-100.0
71.9
1200.0
-100.0
84.2
1300.0
-100.0
97.6
1400.0
-100.0
112.1
1500.0
-100.0
127.6
1600.0
-100.0
144.3
1700.0
-100.0
162.0
1800.0
-100.0
180.7
1900.0
-100.0
200.6
2000.0
-100.0
221.6
2100.0
-100.0
243.6
2200.0
-100.0
266.7
2300.0
-100.0
290.9
2400.0
-100.0
316.2
2500.0
-100.0
342.5
2600.0
-100.0
370.0
2700.0
-100.0
398.5
2800.0
-100.0
428.2
2900.0
-100.0
458.9
3000.0
-100.0
490.8
3100.0
-100.0
523.7
3200.0
-100.0
557.7
3300.0
-100.0
592.9
3400.0
-100.0
629.1
3500.0
-100.0
666.5
3600.0
-100.0
704.9
3700.0
-100.0
744.5
3800.0
-100.0
785.2
3900.0
-100.0
826.9
4000.0
-100.0
869.9
4100.0
-100.0
914.0
4200.0
-100.0
959.2
4300.0
-100.0
1005.5
4400.0
-100.0
1052.9
4500.0
-100.0
1101.6
4600.0
-100.0
1151.3
4700.0
-100.0
1202.2
4800.0
-100.0
1254.3
4900.0
-100.0
1307.5
5000.0
-100.0
1361.8
5100.0
-100.0
1417.3
5200.0
-100.0
1474.0
5300.0
-100.0
1531.9
5400.0
-100.0
1590.9
5500.0
-100.0
1651.1
5600.0
-100.0
1712.5
5700.0
-100.0
1775.1
0.0
0.0
4.8
100.0
0.0
8.5
200.0
0.0
13.3
300.0
0.0
19.2
400.0
0.0
26.1
500.0
0.0
34.1
600.0
0.0
43.1
700.0
0.0
53.2
800.0
0.0
64.4
900.0
0.0
76.7
1000.0
0.0
90.0
1100.0
0.0
104.4
1200.0
0.0
119.9
1300.0
0.0
136.4
1400.0
0.0
154.0
1500.0
0.0
172.7
1600.0
0.0
192.4
1700.0
0.0
213.3
1800.0
0.0
235.1
1900.0
0.0
258.1
2000.0
0.0
282.2
2100.0
0.0
307.3
2200.0
0.0
333.5
2300.0
0.0
360.8
2400.0
0.0
389.2
2500.0
0.0
418.6
2600.0
0.0
449.2
2700.0
0.0
480.8
2800.0
0.0
513.5
2900.0
0.0
547.4
3000.0
0.0
582.3
3100.0
0.0
618.3
3200.0
0.0
655.4
3300.0
0.0
693.6
3400.0
0.0
732.9
3500.0
0.0
773.4
3600.0
0.0
814.9
3700.0
0.0
857.6
3800.0
0.0
901.3
3900.0
0.0
946.2
4000.0
0.0
992.2
4100.0
0.0
1039.4
4200.0
0.0
1087.7
4300.0
0.0
1137.1
4400.0
0.0
1187.7
4500.0
0.0
1239.4
4600.0
0.0
1292.2
4700.0
0.0
1346.2
4800.0
0.0
1401.4
4900.0
0.0
1457.6
5000.0
0.0
1515.2
5100.0
0.0
1523.8
5200.0
0.0
1633.7
5300.0
0.0
1694.7
5400.0
0.0
1756.9
5500.0
0.0
1820.2
5600.0
0.0
1884.8
5700.0
0.0
1950.6
5800.0
0.0
2017.5
5900.0
0.0
2085.7
0.0
100.0
-4.9
100.0
100.0
-4.3
200.0
100.0
-2.8
300.0
100.0
3.6
400.0
100.0
8.3
500.0
100.0
14.2
600.0
100.0
21.0
700.0
100.0
29.0
800.0
100.0
38.0
900.0
100.0
48.1
1000.0
100.0
59.2
1100.0
100.0
71.4
1200.0
100.0
84.6
1300.0
100.0
98.9
1400.0
100.0
114.3
1500.0
100.0
130.8
1600.0
100.0
148.3
1700.0
100.0
166.8
1800.0
100.0
186.5
1900.0
100.0
207.2
2000.0
100.0
228.9
2100.0
100.0
251.8
2200.0
100.0
275.7
2300.0
100.0
300.7
2400.0
100.0
326.7
2500.0
100.0
353.9
2600.0
100.0
382.1
2700.0
100.0
411.3
2800.0
100.0
441.7
2900.0
100.0
473.1
3000.0
100.0
505.6
3100.0
100.0
539.2
3200.0
100.0
573.9
3300.0
100.0
609.7
3400.0
100.0
646.6
3500.0
100.0
684.6
3600.0
100.0
723.6
3700.0
100.0
763.8
3800.0
100.0
805.0
3900.0
100.0
847.4
4000.0
100.0
890.9
4100.0
100.0
935.5
4200.0
100.0
981.2
4300.0
100.0
1028.0
4400.0
100.0
1075.9
4500.0
100.0
1125.0
4600.0
100.0
1175.2
4700.0
100.0
1226.5
4800.0
100.0
1279.0
4900.0
100.0
1332.7
5000.0
100.0
1387.4
5100.0
100.0
1443.4
5200.0
100.0
1500.4
5300.0
100.0
1558.7
5400.0
100.0
1618.2
5500.0
100.0
1678.7
5600.0
100.0
1740.5
5700.0
100.0
1803.5
5800.0
100.0
1867.6
5900.0
100.0
1933.0
6000.0
100.0
1999.5
6100.0
100.0
2067.3
6200.0
100.0
2136.2
6300.0
100.0
2206.5
6400.0
100.0
2277.7
6500.0
100.0
2350.3
6600.0
100.0
2423.4
0.0
200.0
-7.6
100.0
200.0
-7.0
200.0
200.0
-5.5
300.0
200.0
-2.8
400.0
200.0
5.6
500.0
200.0
11.4
600.0
200.0
18.2
700.0
200.0
26.1
800.0
200.0
35.1
900.0
200.0
45.1
1000.0
200.0
56.2
1100.0
200.0
68.3
1200.0
200.0
81.5
1300.0
200.0
95.7
1400.0
200.0
111.0
1500.0
200.0
127.4
1600.0
200.0
144.8
1700.0
200.0
163.3
1800.0
200.0
182.8
1900.0
200.0
203.4
2000.0
200.0
225.0
2100.0
200.0
247.8
2200.0
200.0
271.5
2300.0
200.0
296.4
2400.0
200.0
322.3
2500.0
200.0
349.3
2600.0
200.0
377.3
2700.0
200.0
406.4
2800.0
200.0
436.6
2900.0
200.0
467.8
3000.0
200.0
500.2
3100.0
200.0
533.6
3200.0
200.0
568.0
3300.0
200.0
603.6
3400.0
200.0
640.2
3500.0
200.0
677.9
3600.0
200.0
716.7
3700.0
200.0
756.6
3800.0
200.0
797.6
3900.0
200.0
839.7
4000.0
200.0
882.9
4100.0
200.0
927.1
4200.0
200.0
972.5
4300.0
200.0
1019.0
4400.0
200.0
1066.6
4500.0
200.0
1115.3
4600.0
200.0
1165.2
4700.0
200.0
1216.2
4800.0
200.0
1268.2
4900.0
200.0
1321.5
5000.0
200.0
1375.9
5100.0
200.0
1431.4
5200.0
200.0
1488.0
5300.0
200.0
1545.9
5400.0
200.0
1604.8
5500.0
200.0
1665.0
5600.0
200.0
1726.3
5700.0
200.0
1788.8
5800.0
200.0
1852.5
5900.0
200.0
1917.4
6000.0
200.0
1983.5
6100.0
200.0
2050.7
6200.0
200.0
2119.2
6300.0
200.0
2188.9
6400.0
200.0
2259.8
6500.0
200.0
2331.9
6600.0
200.0
2405.3
6700.0
200.0
2442.4
0.0
300.0
-7.9
100.0
300.0
-7.4
200.0
300.0
-5.8
300.0
300.0
-3.2
400.0
300.0
5.2
500.0
300.0
11.0
600.0
300.0
17.8
700.0
300.0
25.7
800.0
300.0
34.6
900.0
300.0
44.6
1000.0
300.0
55.6
1100.0
300.0
67.6
1200.0
300.0
80.8
1300.0
300.0
94.9
1400.0
300.0
110.2
1500.0
300.0
126.4
1600.0
300.0
143.8
1700.0
300.0
162.2
1800.0
300.0
181.6
1900.0
300.0
202.1
2000.0
300.0
223.6
2100.0
300.0
246.2
2200.0
300.0
269.9
2300.0
300.0
294.6
2400.0
300.0
320.3
2500.0
300.0
347.2
2600.0
300.0
375.1
2700.0
300.0
404.0
2800.0
300.0
434.0
2900.0
300.0
465.1
3000.0
300.0
497.2
3100.0
300.0
530.4
3200.0
300.0
564.7
3300.0
300.0
600.0
3400.0
300.0
636.5
3500.0
300.0
673.9
3600.0
300.0
712.5
3700.0
300.0
752.1
3800.0
300.0
792.8
3900.0
300.0
834.6
4000.0
300.0
877.5
4100.0
300.0
921.5
4200.0
300.0
966.6
4300.0
300.0
1012.2
4400.0
300.0
1060.0
4500.0
300.0
1108.4
4600.0
300.0
1157.8
4700.0
300.0
1208.4
4800.0
300.0
1260.1
4900.0
300.0
1312.9
5000.0
300.0
1366.9
5100.0
300.0
1421.9
5200.0
300.0
1478.2
5300.0
300.0
1535.5
5400.0
300.0
1594.0
5500.0
300.0
1653.7
5600.0
300.0
1714.6
5700.0
300.0
1776.5
5800.0
300.0
1839.7
5900.0
300.0
1904.1
6000.0
300.0
1969.7
6100.0
300.0
2036.4
6200.0
300.0
2104.4
6300.0
300.0
2173.5
6400.0
300.0
2243.9
6500.0
300.0
2315.5
6600.0
300.0
2388.4
6700.0
300.0
2425.2
0.0
400.0
-5.7
100.0
400.0
-5.2
200.0
400.0
-3.6
300.0
400.0
1.0
400.0
400.0
2.6
500.0
400.0
7.3
600.0
400.0
13.1
700.0
400.0
19.9
800.0
400.0
27.7
900.0
400.0
36.6
1000.0
400.0
46.5
1100.0
400.0
57.5
1200.0
400.0
69.5
1300.0
400.0
82.5
1400.0
400.0
96.7
1500.0
400.0
111.8
1600.0
400.0
128.0
1700.0
400.0
145.3
1800.0
400.0
163.6
1900.0
400.0
182.9
2000.0
400.0
203.3
2100.0
400.0
224.8
2200.0
400.0
247.3
2300.0
400.0
270.8
2400.0
400.0
295.4
2500.0
400.0
321.0
2600.0
400.0
347.7
2700.0
400.0
375.5
2800.0
400.0
404.3
2900.0
400.0
434.1
3000.0
400.0
465.0
3100.0
400.0
497.0
3200.0
400.0
530.0
3300.0
400.0
564.1
3400.0
400.0
599.3
3500.0
400.0
635.5
3600.0
400.0
672.8
3700.0
400.0
711.1
3800.0
400.0
750.5
3900.0
400.0
790.9
4000.0
400.0
837.5
4100.0
400.0
875.1
4200.0
400.0
918.8
4300.0
400.0
963.5
4400.0
400.0
1009.4
4500.0
400.0
1056.3
4600.0
400.0
1104.3
4700.0
400.0
1153.5
4800.0
400.0
1203.7
4900.0
400.0
1254.9
5000.0
400.0
1307.4
5100.0
400.0
1360.9
5200.0
400.0
1415.5
5300.0
400.0
1471.3
5400.0
400.0
1528.2
5500.0
400.0
1586.2
5600.0
400.0
1645.3
5700.0
400.0
1705.6
5800.0
400.0
1767.1
5900.0
400.0
1829.7
6000.0
400.0
1893.5
6100.0
400.0
1958.5
6200.0
400.0
2024.7
6300.0
400.0
2092.1
6400.0
400.0
2160.7
6500.0
400.0
2230.4
6600.0
400.0
2301.5
6700.0
400.0
2373.6
6750.0
400.0
2410.3
0.0
500.0
-1.2
100.0
500.0
3.5
200.0
500.0
7.1
300.0
500.0
11.8
400.0
500.0
17.5
500.0
500.0
24.3
600.0
500.0
32.1
700.0
500.0
40.9
800.0
500.0
50.8
900.0
500.0
61.7
1000.0
500.0
73.7
1100.0
500.0
86.7
1200.0
500.0
100.8
1300.0
500.0
115.9
1400.0
500.0
132.1
1500.0
500.0
149.2
1600.0
500.0
167.5
1700.0
500.0
186.7
1800.0
500.0
207.1
1900.0
500.0
228.4
2000.0
500.0
250.8
2100.0
500.0
274.3
2200.0
500.0
299.8
2300.0
500.0
324.3
2400.0
500.0
350.9
2500.0
500.0
378.6
2600.0
500.0
407.2
2700.0
500.0
437.0
2800.0
500.0
467.8
2900.0
500.0
499.6
3000.0
500.0
532.5
3100.0
500.0
566.4
3200.0
500.0
601.4
3300.0
500.0
637.5
3400.0
500.0
674.6
3500.0
500.0
712.8
3600.0
500.0
751.9
3700.0
500.0
792.2
3800.0
500.0
833.5
3900.0
500.0
875.8
4000.0
500.0
919.3
4100.0
500.0
963.8
4200.0
500.0
1009.3
4300.0
500.0
1055.9
4400.0
500.0
1103.6
4500.0
500.0
1152.4
4600.0
500.0
1202.2
4700.0
500.0
1263.2
4800.0
500.0
1305.2
4900.0
500.0
1358.3
5000.0
500.0
1412.5
5100.0
500.0
1467.8
5200.0
500.0
1524.2
5300.0
500.0
1581.7
5400.0
500.0
1640.4
5500.0
500.0
1700.1
5600.0
500.0
1761.1
5700.0
500.0
1823.1
5800.0
500.0
1886.3
5900.0
500.0
1950.6
6000.0
500.0
2016.1
6100.0
500.0
2082.9
6200.0
500.0
2150.7
6300.0
500.0
2219.9
6400.0
500.0
2290.2
6500.0
500.0
2361.7
6600.0
500.0
2398.0
0.0
600.0
5.9
100.0
600.0
6.4
200.0
600.0
7.9
300.0
600.0
10.5
400.0
600.0
14.2
500.0
600.0
18.8
600.0
600.0
24.6
700.0
600.0
31.3
800.0
600.0
39.1
900.0
600.0
47.9
1000.0
600.0
57.8
1100.0
600.0
68.7
1200.0
600.0
80.7
1300.0
600.0
93.6
1400.0
600.0
107.7
1500.0
600.0
122.7
1600.0
600.0
138.8
1700.0
600.0
156.0
1800.0
600.0
174.2
1900.0
600.0
193.4
2000.0
600.0
213.6
2100.0
600.0
235.0
2200.0
600.0
257.3
2300.0
600.0
280.7
2400.0
600.0
305.1
2500.0
600.0
330.6
2600.0
600.0
357.1
2700.0
600.0
384.6
2800.0
600.0
413.2
2900.0
600.0
442.9
3000.0
600.0
473.5
3100.0
600.0
505.3
3200.0
600.0
538.0
3300.0
600.0
571.8
3400.0
600.0
606.7
3500.0
600.0
642.6
3600.0
600.0
679.5
3700.0
600.0
717.5
3800.0
600.0
756.5
3900.0
600.0
796.6
4000.0
600.0
837.7
4100.0
600.0
879.8
4200.0
600.0
923.0
4300.0
600.0
967.3
4400.0
600.0
1012.6
4500.0
600.0
1058.9
4600.0
600.0
1106.4
4700.0
600.0
1154.8
4800.0
600.0
1204.4
4900.0
600.0
1255.1
5000.0
600.0
1306.8
5100.0
600.0
1359.6
5200.0
600.0
1413.5
5300.0
600.0
1468.3
5400.0
600.0
1524.3
5500.0
600.0
1581.3
5600.0
600.0
1639.5
5700.0
600.0
1698.7
5800.0
600.0
1759.0
5900.0
600.0
1820.5
6000.0
600.0
1883.1
6100.0
600.0
1946.8
6200.0
600.0
2011.6
6300.0
600.0
2077.6
6400.0
600.0
2144.7
6500.0
600.0
2213.1
6600.0
600.0
2282.7
6700.0
600.0
2353.4
6750.0
600.0
2389.3
0.0
700.0
15.3
100.0
700.0
15.8
200.0
700.0
17.3
300.0
700.0
19.9
400.0
700.0
23.6
500.0
700.0
28.2
600.0
700.0
33.9
700.0
700.0
40.7
800.0
700.0
48.4
900.0
700.0
57.3
1000.0
700.0
67.1
1100.0
700.0
78.0
1200.0
700.0
89.9
1300.0
700.0
102.9
1400.0
700.0
116.9
1500.0
700.0
131.9
1600.0
700.0
148.0
1700.0
700.0
165.1
1800.0
700.0
183.2
1900.0
700.0
202.4
2000.0
700.0
222.6
2100.0
700.0
243.9
2200.0
700.0
266.1
2300.0
700.0
289.5
2400.0
700.0
313.9
2500.0
700.0
339.3
2600.0
700.0
365.8
2700.0
700.0
393.3
2800.0
700.0
421.8
2900.0
700.0
451.4
3000.0
700.0
482.0
3100.0
700.0
513.6
3200.0
700.0
546.3
3300.0
700.0
580.0
3400.0
700.0
614.8
3500.0
700.0
650.6
3600.0
700.0
687.4
3700.0
700.0
725.3
3800.0
700.0
764.2
3900.0
700.0
804.2
4000.0
700.0
845.2
4100.0
700.0
887.2
4200.0
700.0
930.3
4300.0
700.0
974.4
4400.0
700.0
1019.6
4500.0
700.0
1065.8
4600.0
700.0
1113.1
4700.0
700.0
1161.4
4800.0
700.0
1210.7
4900.0
700.0
1261.1
5000.0
700.0
1312.5
5100.0
700.0
1365.0
5200.0
700.0
1418.5
5300.0
700.0
1473.2
5400.0
700.0
1528.8
5500.0
700.0
1585.5
5600.0
700.0
1643.3
5700.0
700.0
1702.1
5800.0
700.0
1761.9
5900.0
700.0
1822.7
6000.0
700.0
1884.8
6100.0
700.0
1947.9
6200.0
700.0
2012.1
6300.0
700.0
2077.4
6400.0
700.0
2143.9
6500.0
700.0
2211.4
6600.0
700.0
2280.1
6700.0
700.0
2349.9
6750.0
700.0
2385.3
0.0
800.0
27.0
100.0
800.0
27.6
200.0
800.0
29.1
300.0
800.0
31.7
400.0
800.0
35.3
500.0
800.0
40.0
600.0
800.0
45.7
700.0
800.0
52.4
800.0
800.0
60.2
900.0
800.0
69.0
1000.0
800.0
78.8
1100.0
800.0
89.7
1200.0
800.0
101.6
1300.0
800.0
114.6
1400.0
800.0
128.5
1500.0
800.0
143.6
1600.0
800.0
159.6
1700.0
800.0
176.7
1800.0
800.0
197.8
1900.0
800.0
214.0
2000.0
800.0
234.2
2100.0
800.0
255.4
2200.0
800.0
277.7
2300.0
800.0
301.0
2400.0
800.0
325.3
2500.0
800.0
350.7
2600.0
800.0
377.1
2700.0
800.0
404.6
2800.0
800.0
433.1
2900.0
800.0
462.6
3000.0
800.0
493.1
3100.0
800.0
524.7
3200.0
800.0
557.4
3300.0
800.0
591.0
3400.0
800.0
625.7
3500.0
800.0
661.5
3600.0
800.0
698.2
3700.0
800.0
736.0
3800.0
800.0
774.9
3900.0
800.0
814.8
4000.0
800.0
855.7
4100.0
800.0
897.7
4200.0
800.0
940.7
4300.0
800.0
984.7
4400.0
800.0
1029.8
4500.0
800.0
1075.8
4600.0
800.0
1123.0
4700.0
800.0
1171.2
4800.0
800.0
1220.4
4900.0
800.0
1270.7
5000.0
800.0
1322.0
5100.0
800.0
1374.3
5200.0
800.0
1427.7
5300.0
800.0
1482.1
5400.0
800.0
1537.6
5500.0
800.0
1594.1
5600.0
800.0
1651.6
5700.0
800.0
1710.2
5800.0
800.0
1769.9
5900.0
800.0
1830.5
6000.0
800.0
1892.3
6100.0
800.0
1955.0
6200.0
800.0
2018.8
6300.0
800.0
2083.7
6400.0
800.0
2149.6
6500.0
800.0
2216.6
6600.0
800.0
2284.6
6700.0
800.0
2353.7
6750.0
800.0
2388.7
0.0
900.0
41.2
100.0
900.0
41.8
200.0
900.0
43.3
300.0
900.0
45.9
400.0
900.0
49.5
500.0
900.0
54.1
600.0
900.0
59.8
700.0
900.0
66.6
800.0
900.0
74.3
900.0
900.0
83.1
1000.0
900.0
93.0
1100.0
900.0
103.8
1200.0
900.0
115.7
1300.0
900.0
128.7
1400.0
900.0
142.7
1500.0
900.0
157.7
1600.0
900.0
173.7
1700.0
900.0
190.8
1800.0
900.0
208.9
1900.0
900.0
228.1
2000.0
900.0
248.2
2100.0
900.0
269.5
2200.0
900.0
291.7
2300.0
900.0
315.0
2400.0
900.0
339.3
2500.0
900.0
364.7
2600.0
900.0
391.1
2700.0
900.0
418.5
2800.0
900.0
447.0
2900.0
900.0
476.5
3000.0
900.0
507.0
3100.0
900.0
538.6
3200.0
900.0
571.2
3300.0
900.0
604.8
3400.0
900.0
639.5
3500.0
900.0
675.2
3600.0
900.0
712.0
3700.0
900.0
749.8
3800.0
900.0
788.6
3900.0
900.0
828.4
4000.0
900.0
869.3
4100.0
900.0
911.2
4200.0
900.0
954.2
4300.0
900.0
998.2
4400.0
900.0
1043.2
4500.0
900.0
1089.3
4600.0
900.0
1136.4
4700.0
900.0
1184.5
4800.0
900.0
1233.7
4900.0
900.0
1283.9
5000.0
900.0
1335.1
5100.0
900.0
1387.4
5200.0
900.0
1440.7
5300.0
900.0
1495.1
5400.0
900.0
1550.5
5500.0
900.0
1606.8
5600.0
900.0
1664.3
5700.0
900.0
1722.8
5800.0
900.0
1782.3
5900.0
900.0
1842.9
6000.0
900.0
1904.5
6100.0
900.0
1967.1
6200.0
900.0
2030.7
6300.0
900.0
2095.4
6400.0
900.0
2161.2
6500.0
900.0
2228.0
6600.0
900.0
2295.8
6700.0
900.0
2364.7
6750.0
900.0
2399.5
0.0
1000.0
57.7
100.0
1000.0
58.2
200.0
1000.0
59.8
300.0
1000.0
62.4
400.0
1000.0
66.0
500.0
1000.0
70.6
600.0
1000.0
76.3
700.0
1000.0
83.1
800.0
1000.0
90.9
900.0
1000.0
99.6
1000.0
1000.0
109.5
1100.0
1000.0
120.3
1200.0
1000.0
132.2
1300.0
1000.0
145.2
1400.0
1000.0
159.2
1500.0
1000.0
174.2
1600.0
1000.0
190.2
1700.0
1000.0
207.3
1800.0
1000.0
225.4
1900.0
1000.0
244.6
2000.0
1000.0
264.7
2100.0
1000.0
286.0
2200.0
1000.0
308.2
2300.0
1000.0
331.5
2400.0
1000.0
355.8
2500.0
1000.0
381.2
2600.0
1000.0
407.6
2700.0
1000.0
435.0
2800.0
1000.0
463.5
2900.0
1000.0
493.0
3000.0
1000.0
523.5
3100.0
1000.0
555.1
3200.0
1000.0
587.7
3300.0
1000.0
621.4
3400.0
1000.0
656.1
3500.0
1000.0
691.7
3600.0
1000.0
728.5
3700.0
1000.0
766.3
3800.0
1000.0
805.1
3900.0
1000.0
845.0
4000.0
1000.0
885.9
4100.0
1000.0
927.8
4200.0
1000.0
970.8
4300.0
1000.0
1014.8
4400.0
1000.0
1059.8
4500.0
1000.0
1105.9
4600.0
1000.0
1153.0
4700.0
1000.0
1201.1
4800.0
1000.0
1250.3
4900.0
1000.0
1300.5
5000.0
1000.0
1351.7
5100.0
1000.0
1404.1
5200.0
1000.0
1457.4
5300.0
1000.0
1511.7
5400.0
1000.0
1567.2
5500.0
1000.0
1623.6
5600.0
1000.0
1681.0
5700.0
1000.0
1739.5
5800.0
1000.0
1799.1
5900.0
1000.0
1859.6
6000.0
1000.0
1921.3
6100.0
1000.0
1983.9
6200.0
1000.0
2047.6
6300.0
1000.0
2112.3
6400.0
1000.0
2178.1
6500.0
1000.0
2244.9
6600.0
1000.0
2312.7
6700.0
1000.0
2381.6
6750.0
1000.0
2416.3
0.0
1100.0
76.5
100.0
1100.0
77.0
200.0
1100.0
78.5
300.0
1100.0
81.1
400.0
1100.0
84.8
500.0
1100.0
89.4
600.0
1100.0
95.1
700.0
1100.0
101.8
800.0
1100.0
109.6
900.0
1100.0
118.4
1000.0
1100.0
128.3
1100.0
1100.0
139.1
1200.0
1100.0
151.1
1300.0
1100.0
164.0
1400.0
1100.0
178.0
1500.0
1100.0
193.0
1600.0
1100.0
209.1
1700.0
1100.0
226.2
1800.0
1100.0
244.3
1900.0
1100.0
263.5
2000.0
1100.0
283.7
2100.0
1100.0
304.9
2200.0
1100.0
327.2
2300.0
1100.0
350.5
2400.0
1100.0
374.8
2500.0
1100.0
400.2
2600.0
1100.0
426.6
2700.0
1100.0
454.1
2800.0
1100.0
482.6
2900.0
1100.0
512.1
3000.0
1100.0
542.6
3100.0
1100.0
574.2
3200.0
1100.0
606.9
3300.0
1100.0
640.6
3400.0
1100.0
675.3
3500.0
1100.0
711.0
3600.0
1100.0
747.8
3700.0
1100.0
785.6
3800.0
1100.0
824.5
3900.0
1100.0
864.4
4000.0
1100.0
905.3
4100.0
1100.0
947.3
4200.0
1100.0
990.3
4300.0
1100.0
1034.3
4400.0
1100.0
1079.4
4500.0
1100.0
1125.5
4600.0
1100.0
1172.7
4700.0
1100.0
1220.9
4800.0
1100.0
1270.1
4900.0
1100.0
1320.4
5000.0
1100.0
1371.7
5100.0
1100.0
1424.0
5200.0
1100.0
1477.4
5300.0
1100.0
1531.8
5400.0
1100.0
1587.3
5500.0
1100.0
1643.8
5600.0
1100.0
1701.4
5700.0
1100.0
1760.0
5800.0
1100.0
1819.6
5900.0
1100.0
1880.3
6000.0
1100.0
1941.9
6100.0
1100.0
2004.7
6200.0
1100.0
2068.5
6300.0
1100.0
2133.4
6400.0
1100.0
2199.3
6500.0
1100.0
2266.2
6600.0
1100.0
2334.2
6700.0
1100.0
2403.2
6750.0
1100.0
2438.1
0.0
1200.0
97.5
100.0
1200.0
98.0
200.0
1200.0
99.6
300.0
1200.0
102.1
400.0
1200.0
105.8
500.0
1200.0
110.4
600.0
1200.0
116.1
700.0
1200.0
122.9
800.0
1200.0
130.7
900.0
1200.0
139.5
1000.0
1200.0
149.3
1100.0
1200.0
160.2
1200.0
1200.0
172.1
1300.0
1200.0
185.1
1400.0
1200.0
199.1
1500.0
1200.0
214.1
1600.0
1200.0
230.2
1700.0
1200.0
247.3
1800.0
1200.0
265.5
1900.0
1200.0
284.7
2000.0
1200.0
304.9
2100.0
1200.0
326.2
2200.0
1200.0
348.5
2300.0
1200.0
371.8
2400.0
1200.0
396.2
2500.0
1200.0
421.6
2600.0
1200.0
448.0
2700.0
1200.0
475.5
2800.0
1200.0
504.0
2900.0
1200.0
533.6
3000.0
1200.0
564.2
3100.0
1200.0
595.9
3200.0
1200.0
628.5
3300.0
1200.0
662.3
3400.0
1200.0
697.0
3500.0
1200.0
732.8
3600.0
1200.0
769.6
3700.0
1200.0
807.5
3800.0
1200.0
846.4
3900.0
1200.0
886.4
4000.0
1200.0
927.4
4100.0
1200.0
969.4
4200.0
1200.0
1012.5
4300.0
1200.0
1056.6
4400.0
1200.0
1101.8
4500.0
1200.0
1147.9
4600.0
1200.0
1195.2
4700.0
1200.0
1243.4
4800.0
1200.0
1292.8
4900.0
1200.0
1343.1
5000.0
1200.0
1394.6
5100.0
1200.0
1447.0
5200.0
1200.0
1500.6
5300.0
1200.0
1551.1
5400.0
1200.0
1610.7
5500.0
1200.0
1667.3
5600.0
1200.0
1724.9
5700.0
1200.0
1783.7
5800.0
1200.0
1843.5
5900.0
1200.0
1904.3
6000.0
1200.0
1966.2
6100.0
1200.0
2029.1
6200.0
1200.0
2093.1
6300.0
1200.0
2158.1
6400.0
1200.0
2224.2
6500.0
1200.0
2291.3
6600.0
1200.0
2359.5
6700.0
1200.0
2428.8
6750.0
1200.0
2463.8
0.0
1300.0
120.6
100.0
1300.0
121.2
200.0
1300.0
122.7
300.0
1300.0
125.3
400.0
1300.0
128.9
500.0
1300.0
133.6
600.0
1300.0
139.3
700.0
1300.0
146.1
800.0
1300.0
153.9
900.0
1300.0
162.7
1000.0
1300.0
172.6
1100.0
1300.0
183.5
1200.0
1300.0
185.4
1300.0
1300.0
208.4
1400.0
1300.0
222.4
1500.0
1300.0
237.5
1600.0
1300.0
253.6
1700.0
1300.0
270.7
1800.0
1300.0
288.9
1900.0
1300.0
308.1
2000.0
1300.0
328.4
2100.0
1300.0
349.7
2200.0
1300.0
372.0
2300.0
1300.0
395.4
2400.0
1300.0
419.8
2500.0
1300.0
445.3
2600.0
1300.0
471.8
2700.0
1300.0
499.3
2800.0
1300.0
527.9
2900.0
1300.0
557.5
3000.0
1300.0
588.1
3100.0
1300.0
619.8
3200.0
1300.0
652.6
3300.0
1300.0
686.4
3400.0
1300.0
721.2
3500.0
1300.0
757.0
3600.0
1300.0
794.0
3700.0
1300.0
831.9
3800.0
1300.0
870.9
3900.0
1300.0
910.9
4000.0
1300.0
952.0
4100.0
1300.0
994.1
4200.0
1300.0
1037.3
4300.0
1300.0
1081.5
4400.0
1300.0
1126.8
4500.0
1300.0
1173.1
4600.0
1300.0
1220.4
4700.0
1300.0
1268.8
4800.0
1300.0
1318.3
4900.0
1300.0
1368.7
5000.0
1300.0
1420.3
5100.0
1300.0
1472.9
5200.0
1300.0
1526.5
5300.0
1300.0
1581.2
5400.0
1300.0
1636.9
5500.0
1300.0
1693.7
5600.0
1300.0
1751.5
5700.0
1300.0
1810.4
5800.0
1300.0
1870.4
5900.0
1300.0
1931.4
6000.0
1300.0
1993.4
6100.0
1300.0
2056.6
6200.0
1300.0
2120.7
6300.0
1300.0
2185.9
6400.0
1300.0
2262.3
6500.0
1300.0
2319.6
6600.0
1300.0
2388.1
6700.0
1300.0
2457.6
6750.0
1300.0
2492.7
0.0
1400.0
145.9
100.0
1400.0
146.4
200.0
1400.0
148.0
300.0
1400.0
150.6
400.0
1400.0
154.2
500.0
1400.0
158.9
600.0
1400.0
164.6
700.0
1400.0
171.4
800.0
1400.0
179.2
900.0
1400.0
188.0
1000.0
1400.0
197.9
1100.0
1400.0
208.8
1200.0
1400.0
220.8
1300.0
1400.0
233.8
1400.0
1400.0
247.9
1500.0
1400.0
263.0
1600.0
1400.0
279.1
1700.0
1400.0
296.3
1800.0
1400.0
314.5
1900.0
1400.0
333.7
2000.0
1400.0
354.0
2100.0
1400.0
375.4
2200.0
1400.0
397.8
2300.0
1400.0
421.2
2400.0
1400.0
445.6
2500.0
1400.0
471.2
2600.0
1400.0
497.7
2700.0
1400.0
525.3
2800.0
1400.0
553.9
2900.0
1400.0
583.6
3000.0
1400.0
614.3
3100.0
1400.0
646.1
3200.0
1400.0
678.9
3300.0
1400.0
712.8
3400.0
1400.0
747.7
3500.0
1400.0
783.6
3600.0
1400.0
820.6
3700.0
1400.0
858.7
3800.0
1400.0
897.7
3900.0
1400.0
937.9
4000.0
1400.0
979.0
4100.0
1400.0
1021.3
4200.0
1400.0
1064.5
4300.0
1400.0
1108.9
4400.0
1400.0
1154.2
4500.0
1400.0
1200.7
4600.0
1400.0
1248.1
4700.0
1400.0
1296.7
4800.0
1400.0
1346.2
4900.0
1400.0
1396.9
5000.0
1400.0
1448.5
5100.0
1400.0
1501.3
5200.0
1400.0
1555.1
5300.0
1400.0
1609.9
5400.0
1400.0
1665.8
5500.0
1400.0
1722.7
5600.0
1400.0
1780.8
5700.0
1400.0
1839.9
5800.0
1400.0
1900.0
5900.0
1400.0
1961.2
6000.0
1400.0
2023.5
6100.0
1400.0
2086.8
6200.0
1400.0
2151.2
6300.0
1400.0
2216.7
6400.0
1400.0
2283.3
6500.0
1400.0
2350.9
6600.0
1400.0
2419.6
6700.0
1400.0
2489.3
6750.0
1400.0
2524.6
0.0
1500.0
173.2
100.0
1500.0
173.7
200.0
1500.0
175.3
300.0
1500.0
177.9
400.0
1500.0
181.6
500.0
1500.0
186.2
600.0
1500.0
192.0
700.0
1500.0
195.8
800.0
1500.0
206.6
900.0
1500.0
215.4
1000.0
1500.0
225.3
1100.0
1500.0
236.3
1200.0
1500.0
248.3
1300.0
1500.0
261.3
1400.0
1500.0
275.4
1500.0
1500.0
290.5
1600.0
1500.0
306.7
1700.0
1500.0
323.9
1800.0
1500.0
342.2
1900.0
1500.0
361.5
2000.0
1500.0
381.8
2100.0
1500.0
403.2
2200.0
1500.0
425.6
2300.0
1500.0
449.1
2400.0
1500.0
473.6
2500.0
1500.0
499.2
2600.0
1500.0
525.8
2700.0
1500.0
553.5
2800.0
1500.0
582.2
2900.0
1500.0
611.9
3000.0
1500.0
642.7
3100.0
1500.0
674.6
3200.0
1500.0
707.5
3300.0
1500.0
741.4
3400.0
1500.0
776.4
3500.0
1500.0
812.4
3600.0
1500.0
849.5
3700.0
1500.0
887.7
3800.0
1500.0
926.9
3900.0
1500.0
967.1
4000.0
1500.0
1008.4
4100.0
1500.0
1050.7
4200.0
1500.0
1094.1
4300.0
1500.0
1138.6
4400.0
1500.0
1184.1
4500.0
1500.0
1230.6
4600.0
1500.0
1278.2
4700.0
1500.0
1326.9
4800.0
1500.0
1376.6
4900.0
1500.0
1427.4
5000.0
1500.0
1479.3
5100.0
1500.0
1532.1
5200.0
1500.0
1586.1
5300.0
1500.0
1641.1
5400.0
1500.0
1697.2
5500.0
1500.0
1754.4
5600.0
1500.0
1812.6
5700.0
1500.0
1871.9
5800.0
1500.0
1932.2
5900.0
1500.0
1993.6
6000.0
1500.0
2056.1
6100.0
1500.0
2119.7
6200.0
1500.0
2184.3
6300.0
1500.0
2250.0
6400.0
1500.0
2316.8
6500.0
1500.0
2384.7
6600.0
1500.0
2453.6
6700.0
1500.0
2523.7
6750.0
1500.0
2559.1
0.0
1600.0
202.5
100.0
1600.0
203.0
200.0
1600.0
204.6
300.0
1600.0
207.2
400.0
1600.0
210.9
500.0
1600.0
215.6
600.0
1600.0
221.3
700.0
1600.0
228.1
800.0
1600.0
236.0
900.0
1600.0
244.8
1000.0
1600.0
254.8
1100.0
1600.0
265.8
1200.0
1600.0
277.8
1300.0
1600.0
290.8
1400.0
1600.0
304.9
1500.0
1600.0
320.1
1600.0
1600.0
336.3
1700.0
1600.0
353.6
1800.0
1600.0
371.9
1900.0
1600.0
391.2
2000.0
1600.0
411.6
2100.0
1600.0
433.1
2200.0
1600.0
455.5
2300.0
1600.0
479.1
2400.0
1600.0
503.7
2500.0
1600.0
529.3
2600.0
1600.0
556.0
2700.0
1600.0
583.7
2800.0
1600.0
612.5
2900.0
1600.0
642.3
3000.0
1600.0
673.2
3100.0
1600.0
705.2
3200.0
1600.0
738.1
3300.0
1600.0
772.2
3400.0
1600.0
807.3
3500.0
1600.0
843.4
3600.0
1600.0
880.6
3700.0
1600.0
918.8
3800.0
1600.0
958.1
3900.0
1600.0
998.5
4000.0
1600.0
1039.9
4100.0
1600.0
1082.4
4200.0
1600.0
1125.9
4300.0
1600.0
1170.5
4400.0
1600.0
1216.1
4500.0
1600.0
1262.8
4600.0
1600.0
1310.5
4700.0
1600.0
1359.4
4800.0
1600.0
1409.3
4900.0
1600.0
1460.2
5000.0
1600.0
1512.2
5100.0
1600.0
1565.3
5200.0
1600.0
1619.5
5300.0
1600.0
1647.7
5400.0
1600.0
1730.9
5500.0
1600.0
1788.3
5600.0
1600.0
1846.7
5700.0
1600.0
1906.2
5800.0
1600.0
1966.8
5900.0
1600.0
2028.4
6000.0
1600.0
2091.1
6100.0
1600.0
2154.9
6200.0
1600.0
2219.8
6300.0
1600.0
2285.7
6400.0
1600.0
2352.8
6500.0
1600.0
2420.9
6600.0
1600.0
2490.1
6700.0
1600.0
2506.4
6750.0
1600.0
2596.1
0.0
1700.0
233.7
100.0
1700.0
234.6
200.0
1700.0
235.8
300.0
1700.0
238.4
400.0
1700.0
242.1
500.0
1700.0
246.8
600.0
1700.0
252.6
700.0
1700.0
259.4
800.0
1700.0
267.3
900.0
1700.0
276.2
1000.0
1700.0
286.2
1100.0
1700.0
297.2
1200.0
1700.0
309.2
1300.0
1700.0
322.3
1400.0
1700.0
336.5
1500.0
1700.0
351.7
1600.0
1700.0
367.9
1700.0
1700.0
385.2
1800.0
1700.0
403.6
1900.0
1700.0
423.0
2000.0
1700.0
443.4
2100.0
1700.0
464.9
2200.0
1700.0
487.5
2300.0
1700.0
511.1
2400.0
1700.0
535.7
2500.0
1700.0
561.4
2600.0
1700.0
588.2
2700.0
1700.0
616.0
2800.0
1700.0
644.9
2900.0
1700.0
674.8
3000.0
1700.0
705.8
3100.0
1700.0
737.8
3200.0
1700.0
770.9
3300.0
1700.0
805.0
3400.0
1700.0
840.2
3500.0
1700.0
876.4
3600.0
1700.0
913.7
3700.0
1700.0
952.1
3800.0
1700.0
991.5
3900.0
1700.0
1032.0
4000.0
1700.0
1073.5
4100.0
1700.0
1116.1
4200.0
1700.0
1159.8
4300.0
1700.0
1204.5
4400.0
1700.0
1250.3
4500.0
1700.0
1297.2
4600.0
1700.0
1345.1
4700.0
1700.0
1394.1
4800.0
1700.0
1444.1
4900.0
1700.0
1495.2
5000.0
1700.0
1547.4
5100.0
1700.0
1600.7
5200.0
1700.0
1655.0
5300.0
1700.0
1710.4
5400.0
1700.0
1766.9
5500.0
1700.0
1824.4
5600.0
1700.0
1883.0
5700.0
1700.0
1942.7
5800.0
1700.0
2003.5
5900.0
1700.0
2065.4
6000.0
1700.0
2128.5
6100.0
1700.0
2192.4
6200.0
1700.0
2257.4
6300.0
1700.0
2323.7
6400.0
1700.0
2399.9
6500.0
1700.0
2459.3
6600.0
1700.0
2528.8
6700.0
1700.0
2599.3
6750.0
1700.0
2635.1
0.0
1800.0
266.9
100.0
1800.0
267.4
200.0
1800.0
269.0
300.0
1800.0
271.6
400.0
1800.0
275.3
500.0
1800.0
280.0
600.0
1800.0
285.8
700.0
1800.0
292.6
800.0
1800.0
300.5
900.0
1800.0
309.4
1000.0
1800.0
319.4
1100.0
1800.0
330.5
1200.0
1800.0
342.6
1300.0
1800.0
355.7
1400.0
1800.0
369.9
1500.0
1800.0
385.1
1600.0
1800.0
401.4
1700.0
1800.0
418.8
1800.0
1800.0
437.2
1900.0
1800.0
456.6
2000.0
1800.0
477.1
2100.0
1800.0
498.7
2200.0
1800.0
521.3
2300.0
1800.0
545.0
2400.0
1800.0
569.7
2500.0
1800.0
595.5
2600.0
1800.0
622.3
2700.0
1800.0
650.2
2800.0
1800.0
679.2
2900.0
1800.0
709.2
3000.0
1800.0
740.3
3100.0
1800.0
772.4
3200.0
1800.0
805.5
3300.0
1800.0
839.8
3400.0
1800.0
875.1
3500.0
1800.0
911.5
3600.0
1800.0
948.9
3700.0
1800.0
987.4
3800.0
1800.0
1026.9
3900.0
1800.0
1067.5
4000.0
1800.0
1109.2
4100.0
1800.0
1151.9
4200.0
1800.0
1195.7
4300.0
1800.0
1240.6
4400.0
1800.0
1286.5
4500.0
1800.0
1333.5
4600.0
1800.0
1381.6
4700.0
1800.0
1430.8
4800.0
1800.0
1481.0
4900.0
1800.0
1532.3
5000.0
1800.0
1584.7
5100.0
1800.0
1638.2
5200.0
1800.0
1692.6
5300.0
1800.0
1748.2
5400.0
1800.0
1804.8
5500.0
1800.0
1862.6
5600.0
1800.0
1921.4
5700.0
1800.0
1981.3
5800.0
1800.0
2042.3
5900.0
1800.0
2104.4
6000.0
1800.0
2167.6
6100.0
1800.0
2231.8
6200.0
1800.0
2297.2
6300.0
1800.0
2363.7
6400.0
1800.0
2431.2
6500.0
1800.0
2499.8
6600.0
1800.0
2569.6
6700.0
1800.0
2640.4
6750.0
1800.0
2676.2
0.0
1900.0
301.9
100.0
1900.0
302.4
200.0
1900.0
304.0
300.0
1900.0
306.6
400.0
1900.0
310.3
500.0
1900.0
315.0
600.0
1900.0
320.8
700.0
1900.0
327.7
800.0
1900.0
335.6
900.0
1900.0
344.5
1000.0
1900.0
354.6
1100.0
1900.0
365.6
1200.0
1900.0
377.7
1300.0
1900.0
390.9
1400.0
1900.0
405.2
1500.0
1900.0
420.5
1600.0
1900.0
436.8
1700.0
1900.0
454.2
1800.0
1900.0
472.7
1900.0
1900.0
492.2
2000.0
1900.0
512.7
2100.0
1900.0
534.4
2200.0
1900.0
557.0
2300.0
1900.0
580.8
2400.0
1900.0
605.6
2500.0
1900.0
631.4
2600.0
1900.0
658.4
2700.0
1900.0
686.3
2800.0
1900.0
715.4
2900.0
1900.0
745.5
3000.0
1900.0
776.6
3100.0
1900.0
808.9
3200.0
1900.0
842.2
3300.0
1900.0
876.5
3400.0
1900.0
911.9
3500.0
1900.0
948.4
3600.0
1900.0
985.9
3700.0
1900.0
1024.6
3800.0
1900.0
1064.3
3900.0
1900.0
1105.1
4000.0
1900.0
1146.8
4100.0
1900.0
1189.6
4200.0
1900.0
1233.6
4300.0
1900.0
1278.6
4400.0
1900.0
1324.7
4500.0
1900.0
1371.8
4600.0
1900.0
1420.1
4700.0
1900.0
1469.4
4800.0
1900.0
1512.8
4900.0
1900.0
1571.2
5000.0
1900.0
1623.7
5100.0
1900.0
1677.4
5200.0
1900.0
1732.1
5300.0
1900.0
1787.9
5400.0
1900.0
1844.8
5500.0
1900.0
1908.7
5600.0
1900.0
1961.8
5700.0
1900.0
2021.9
5800.0
1900.0
2083.1
5900.0
1900.0
2145.4
6000.0
1900.0
2208.8
6100.0
1900.0
2273.3
6200.0
1900.0
2338.9
6300.0
1900.0
2405.6
6400.0
1900.0
2473.4
6500.0
1900.0
2542.3
6600.0
1900.0
2612.2
6700.0
1900.0
2683.3
6750.0
1900.0
2719.3
0.0
2000.0
338.6
100.0
2000.0
339.1
200.0
2000.0
340.7
300.0
2000.0
343.4
400.0
2000.0
347.1
500.0
2000.0
351.8
600.0
2000.0
357.6
700.0
2000.0
364.5
800.0
2000.0
372.4
900.0
2000.0
381.4
1000.0
2000.0
391.5
1100.0
2000.0
402.6
1200.0
2000.0
414.7
1300.0
2000.0
428.0
1400.0
2000.0
442.2
1500.0
2000.0
457.6
1600.0
2000.0
474.0
1700.0
2000.0
491.5
1800.0
2000.0
510.0
1900.0
2000.0
529.6
2000.0
2000.0
550.2
2100.0
2000.0
572.0
2200.0
2000.0
594.7
2300.0
2000.0
618.5
2400.0
2000.0
643.3
2500.0
2000.0
669.2
2600.0
2000.0
696.2
2700.0
2000.0
724.3
2800.0
2000.0
753.4
2900.0
2000.0
783.6
3000.0
2000.0
814.9
3100.0
2000.0
847.2
3200.0
2000.0
880.6
3300.0
2000.0
915.0
3400.0
2000.0
950.6
3500.0
2000.0
987.2
3600.0
2000.0
1024.8
3700.0
2000.0
1063.6
3800.0
2000.0
1103.3
3900.0
2000.0
1144.2
4000.0
2000.0
1186.2
4100.0
2000.0
1229.2
4200.0
2000.0
1273.3
4300.0
2000.0
1318.4
4400.0
2000.0
1364.7
4500.0
2000.0
1442.0
4600.0
2000.0
1460.4
4700.0
2000.0
1509.9
4800.0
2000.0
1560.5
4900.0
2000.0
1612.1
5000.0
2000.0
1664.8
5100.0
2000.0
1718.6
5200.0
2000.0
1773.5
5300.0
2000.0
1829.5
5400.0
2000.0
1886.6
5500.0
2000.0
1944.7
5600.0
2000.0
2003.9
5700.0
2000.0
2064.3
5800.0
2000.0
2125.7
5900.0
2000.0
2188.3
6000.0
2000.0
2251.8
6100.0
2000.0
2316.6
6200.0
2000.0
2382.4
6300.0
2000.0
2449.4
6400.0
2000.0
2517.2
6500.0
2000.0
2586.5
6600.0
2000.0
2656.8
6700.0
2000.0
2728.1
6750.0
2000.0
2764.2
0.0
2100.0
377.1
100.0
2100.0
377.6
200.0
2100.0
379.2
300.0
2100.0
381.9
400.0
2100.0
385.6
500.0
2100.0
390.4
600.0
2100.0
396.2
700.0
2100.0
403.1
800.0
2100.0
411.0
900.0
2100.0
420.1
1000.0
2100.0
430.1
1100.0
2100.0
441.3
1200.0
2100.0
453.5
1300.0
2100.0
466.7
1400.0
2100.0
481.1
1500.0
2100.0
496.4
1600.0
2100.0
512.9
1700.0
2100.0
530.4
1800.0
2100.0
549.0
1900.0
2100.0
568.6
2000.0
2100.0
589.3
2100.0
2100.0
611.0
2200.0
2100.0
633.9
2300.0
2100.0
657.8
2400.0
2100.0
682.7
2500.0
2100.0
708.7
2600.0
2100.0
735.8
2700.0
2100.0
764.0
2800.0
2100.0
793.2
2900.0
2100.0
823.5
3000.0
2100.0
854.9
3100.0
2100.0
887.3
3200.0
2100.0
920.8
3300.0
2100.0
955.3
3400.0
2100.0
991.0
3500.0
2100.0
1027.7
3600.0
2100.0
1065.5
3700.0
2100.0
1104.4
3800.0
2100.0
1144.3
3900.0
2100.0
1185.3
4000.0
2100.0
1227.4
4100.0
2100.0
1270.5
4200.0
2100.0
1314.8
4300.0
2100.0
1360.1
4400.0
2100.0
1406.5
4500.0
2100.0
1453.9
4600.0
2100.0
1502.5
4700.0
2100.0
1552.8
4800.0
2100.0
1602.9
4900.0
2100.0
1654.7
5000.0
2100.0
1707.6
5100.0
2100.0
1761.6
5200.0
2100.0
1816.7
5300.0
2100.0
1872.9
5400.0
2100.0
1930.1
5500.0
2100.0
1988.5
5600.0
2100.0
2047.9
5700.0
2100.0
2108.5
5800.0
2100.0
2170.1
5900.0
2100.0
2232.9
6000.0
2100.0
2296.7
6100.0
2100.0
2361.7
6200.0
2100.0
2427.8
6300.0
2100.0
2494.9
6400.0
2100.0
2563.2
6500.0
2100.0
2632.6
6600.0
2100.0
2703.4
6700.0
2100.0
2774.7
6750.0
2100.0
2810.9
0.0
2200.0
417.3
100.0
2200.0
417.9
200.0
2200.0
419.4
300.0
2200.0
422.1
400.0
2200.0
425.8
500.0
2200.0
430.6
600.0
2200.0
436.5
700.0
2200.0
443.4
800.0
2200.0
451.4
900.0
2200.0
460.4
1000.0
2200.0
470.5
1100.0
2200.0
481.6
1200.0
2200.0
493.9
1300.0
2200.0
507.2
1400.0
2200.0
521.6
1500.0
2200.0
537.0
1600.0
2200.0
553.5
1700.0
2200.0
571.1
1800.0
2200.0
589.7
1900.0
2200.0
609.4
2000.0
2200.0
630.1
2100.0
2200.0
652.0
2200.0
2200.0
674.9
2300.0
2200.0
698.8
2400.0
2200.0
723.9
2500.0
2200.0
750.0
2600.0
2200.0
777.2
2700.0
2200.0
805.4
2800.0
2200.0
834.7
2900.0
2200.0
865.1
3000.0
2200.0
896.6
3100.0
2200.0
929.1
3200.0
2200.0
962.7
3300.0
2200.0
997.4
3400.0
2200.0
1033.2
3500.0
2200.0
1070.9
3600.0
2200.0
1107.9
3700.0
2200.0
1146.9
3800.0
2200.0
1186.9
3900.0
2200.0
1228.1
4000.0
2200.0
1270.3
4100.0
2200.0
1313.6
4200.0
2200.0
1358.0
4300.0
2200.0
1403.5
4400.0
2200.0
1450.0
4500.0
2200.0
1497.7
4600.0
2200.0
1546.4
4700.0
2200.0
1596.2
4800.0
2200.0
1647.1
4900.0
2200.0
1699.1
5000.0
2200.0
1752.2
5100.0
2200.0
1806.4
5200.0
2200.0
1861.6
5300.0
2200.0
1918.0
5400.0
2200.0
1975.6
5500.0
2200.0
2034.0
5600.0
2200.0
2093.7
5700.0
2200.0
2154.4
5800.0
2200.0
2216.3
5900.0
2200.0
2279.3
6000.0
2200.0
2343.3
6100.0
2200.0
2408.5
6200.0
2200.0
2474.8
6300.0
2200.0
2542.1
6400.0
2200.0
2610.7
6500.0
2200.0
2680.3
6600.0
2200.0
2751.1
6700.0
2200.0
2823.0
6750.0
2200.0
2859.3
0.0
2300.0
459.2
100.0
2300.0
459.7
200.0
2300.0
461.3
300.0
2300.0
464.0
400.0
2300.0
467.7
500.0
2300.0
472.5
600.0
2300.0
478.4
700.0
2300.0
485.3
800.0
2300.0
493.3
900.0
2300.0
502.4
1000.0
2300.0
512.5
1100.0
2300.0
523.7
1200.0
2300.0
536.0
1300.0
2300.0
549.3
1400.0
2300.0
563.8
1500.0
2300.0
579.2
1600.0
2300.0
595.8
1700.0
2300.0
613.4
1800.0
2300.0
632.1
1900.0
2300.0
651.8
2000.0
2300.0
672.7
2100.0
2300.0
694.6
2200.0
2300.0
717.5
2300.0
2300.0
741.6
2400.0
2300.0
766.7
2500.0
2300.0
792.9
2600.0
2300.0
820.2
2700.0
2300.0
848.5
2800.0
2300.0
877.9
2900.0
2300.0
908.4
3000.0
2300.0
939.9
3100.0
2300.0
972.6
3200.0
2300.0
1006.3
3300.0
2300.0
1041.1
3400.0
2300.0
1077.0
3500.0
2300.0
1113.9
3600.0
2300.0
1152.0
3700.0
2300.0
1191.1
3800.0
2300.0
1231.3
3900.0
2300.0
1272.5
4000.0
2300.0
1314.9
4100.0
2300.0
1358.4
4200.0
2300.0
1402.9
4300.0
2300.0
1448.5
4400.0
2300.0
1495.2
4500.0
2300.0
1543.0
4600.0
2300.0
1591.9
4700.0
2300.0
1641.9
4800.0
2300.0
1693.0
4900.0
2300.0
1745.2
5000.0
2300.0
1798.4
5100.0
2300.0
1852.7
5200.0
2300.0
1908.2
5300.0
2300.0
1964.8
5400.0
2300.0
2022.5
5500.0
2300.0
2081.2
5600.0
2300.0
2141.1
5700.0
2300.0
2202.1
5800.0
2300.0
2264.1
5900.0
2300.0
2327.3
6000.0
2300.0
2391.6
6100.0
2300.0
2457.0
6200.0
2300.0
2523.6
6300.0
2300.0
2591.2
6400.0
2300.0
2660.0
6500.0
2300.0
2729.9
6600.0
2300.0
2800.8
6700.0
2300.0
2879.0
6750.0
2300.0
2909.5
0.0
2400.0
502.6
100.0
2400.0
503.2
200.0
2400.0
504.8
300.0
2400.0
507.5
400.0
2400.0
511.2
500.0
2400.0
516.0
600.0
2400.0
521.9
700.0
2400.0
528.9
800.0
2400.0
536.9
900.0
2400.0
546.0
1000.0
2400.0
556.2
1100.0
2400.0
567.4
1200.0
2400.0
579.7
1300.0
2400.0
593.1
1400.0
2400.0
607.6
1500.0
2400.0
623.1
1600.0
2400.0
639.7
1700.0
2400.0
657.4
1800.0
2400.0
676.1
1900.0
2400.0
695.9
2000.0
2400.0
716.8
2100.0
2400.0
738.8
2200.0
2400.0
761.8
2300.0
2400.0
786.0
2400.0
2400.0
811.2
2500.0
2400.0
837.4
2600.0
2400.0
864.8
2700.0
2400.0
893.2
2800.0
2400.0
922.7
2900.0
2400.0
953.3
3000.0
2400.0
985.0
3100.0
2400.0
1017.7
3200.0
2400.0
1051.5
3300.0
2400.0
1086.5
3400.0
2400.0
1122.4
3500.0
2400.0
1159.5
3600.0
2400.0
1197.7
3700.0
2400.0
1236.9
3800.0
2400.0
1277.3
3900.0
2400.0
1318.7
4000.0
2400.0
1361.2
4100.0
2400.0
1404.8
4200.0
2400.0
1449.4
4300.0
2400.0
1495.2
4400.0
2400.0
1542.1
4500.0
2400.0
1590.1
4600.0
2400.0
1639.1
4700.0
2400.0
1689.3
4800.0
2400.0
1740.5
4900.0
2400.0
1792.8
5000.0
2400.0
1846.3
5100.0
2400.0
1900.9
5200.0
2400.0
1956.5
5300.0
2400.0
2013.3
5400.0
2400.0
2071.2
5500.0
2400.0
2130.1
5600.0
2400.0
2190.2
5700.0
2400.0
2251.4
5800.0
2400.0
2313.7
5900.0
2400.0
2377.1
6000.0
2400.0
2441.7
6100.0
2400.0
2507.3
6200.0
2400.0
2574.1
6300.0
2400.0
2642.0
6400.0
2400.0
2711.0
6500.0
2400.0
2781.2
6600.0
2400.0
2852.5
6700.0
2400.0
2924.4
6750.0
2400.0
2961.6
0.0
2500.0
547.7
100.0
2500.0
548.2
200.0
2500.0
549.9
300.0
2500.0
552.6
400.0
2500.0
556.3
500.0
2500.0
561.1
600.0
2500.0
567.0
700.0
2500.0
574.0
800.0
2500.0
582.1
900.0
2500.0
591.2
1000.0
2500.0
601.4
1100.0
2500.0
612.7
1200.0
2500.0
625.0
1300.0
2500.0
638.5
1400.0
2500.0
653.0
1500.0
2500.0
668.5
1600.0
2500.0
685.2
1700.0
2500.0
702.9
1800.0
2500.0
721.7
1900.0
2500.0
741.6
2000.0
2500.0
762.6
2100.0
2500.0
784.6
2200.0
2500.0
807.7
2300.0
2500.0
831.8
2400.0
2500.0
857.2
2500.0
2500.0
883.6
2600.0
2500.0
911.0
2700.0
2500.0
939.5
2800.0
2500.0
969.1
2900.0
2500.0
999.8
3000.0
2500.0
1031.6
3100.0
2500.0
1064.5
3200.0
2500.0
1098.4
3300.0
2500.0
1133.4
3400.0
2500.0
1159.5
3500.0
2500.0
1206.7
3600.0
2500.0
1245.0
3700.0
2500.0
1284.4
3800.0
2500.0
1324.8
3900.0
2500.0
1366.4
4000.0
2500.0
1409.0
4100.0
2500.0
1452.8
4200.0
2500.0
1497.6
4300.0
2500.0
1543.5
4400.0
2500.0
1590.6
4500.0
2500.0
1638.7
4600.0
2500.0
1688.0
4700.0
2500.0
1738.3
4800.0
2500.0
1789.7
4900.0
2500.0
1842.3
5000.0
2500.0
1895.9
5100.0
2500.0
1950.6
5200.0
2500.0
2006.5
5300.0
2500.0
2063.5
5400.0
2500.0
2121.5
5500.0
2500.0
2180.7
5600.0
2500.0
2241.0
5700.0
2500.0
2302.5
5800.0
2500.0
2365.0
5900.0
2500.0
2428.7
6000.0
2500.0
2493.5
6100.0
2500.0
2559.4
6200.0
2500.0
2626.4
6300.0
2500.0
2694.6
6400.0
2500.0
2763.9
6500.0
2500.0
2834.4
6600.0
2500.0
2905.9
6700.0
2500.0
2978.7
6750.0
2500.0
3015.4
0.0
2600.0
594.3
100.0
2600.0
594.9
200.0
2600.0
596.5
300.0
2600.0
599.2
400.0
2600.0
603.0
500.0
2600.0
607.8
600.0
2600.0
613.7
700.0
2600.0
620.7
800.0
2600.0
628.8
900.0
2600.0
638.0
1000.0
2600.0
648.2
1100.0
2600.0
659.5
1200.0
2600.0
671.9
1300.0
2600.0
685.4
1400.0
2600.0
700.0
1500.0
2600.0
715.6
1600.0
2600.0
732.3
1700.0
2600.0
750.1
1800.0
2600.0
768.9
1900.0
2600.0
788.9
2000.0
2600.0
809.9
2100.0
2600.0
832.0
2200.0
2600.0
855.2
2300.0
2600.0
879.5
2400.0
2600.0
904.9
2500.0
2600.0
931.3
2600.0
2600.0
958.8
2700.0
2600.0
987.5
2800.0
2600.0
1017.2
2900.0
2600.0
1047.9
3000.0
2600.0
1079.8
3100.0
2600.0
1112.8
3200.0
2600.0
1146.8
3300.0
2600.0
1182.0
3400.0
2600.0
1218.2
3500.0
2600.0
1255.5
3600.0
2600.0
1293.9
3700.0
2600.0
1333.5
3800.0
2600.0
1374.1
3900.0
2600.0
1415.8
4000.0
2600.0
1458.6
4100.0
2600.0
1502.5
4200.0
2600.0
1547.4
4300.0
2600.0
1593.6
4400.0
2600.0
1640.8
4500.0
2600.0
1689.1
4600.0
2600.0
1738.5
4700.0
2600.0
1789.0
4800.0
2600.0
1840.6
4900.0
2600.0
1893.3
5000.0
2600.0
1947.2
5100.0
2600.0
2002.1
5200.0
2600.0
2068.2
5300.0
2600.0
2115.4
5400.0
2600.0
2173.7
5500.0
2600.0
2233.1
5600.0
2600.0
2293.6
5700.0
2600.0
2355.3
5800.0
2600.0
2418.1
5900.0
2600.0
2482.0
6000.0
2600.0
2547.1
6100.0
2600.0
2613.3
6200.0
2600.0
2680.6
6300.0
2600.0
2749.0
6400.0
2600.0
2818.6
6500.0
2600.0
2889.4
6600.0
2600.0
2961.3
6700.0
2600.0
3034.4
6750.0
2600.0
3071.3
0.0
2700.0
642.5
100.0
2700.0
643.1
200.0
2700.0
644.7
300.0
2700.0
647.4
400.0
2700.0
651.2
500.0
2700.0
656.1
600.0
2700.0
662.0
700.0
2700.0
669.0
800.0
2700.0
677.1
900.0
2700.0
686.3
1000.0
2700.0
696.6
1100.0
2700.0
708.0
1200.0
2700.0
720.4
1300.0
2700.0
733.9
1400.0
2700.0
748.5
1500.0
2700.0
764.2
1600.0
2700.0
780.9
1700.0
2700.0
798.8
1800.0
2700.0
817.7
1900.0
2700.0
837.7
2000.0
2700.0
858.8
2100.0
2700.0
881.0
2200.0
2700.0
904.3
2300.0
2700.0
928.7
2400.0
2700.0
954.1
2500.0
2700.0
980.6
2600.0
2700.0
1008.3
2700.0
2700.0
1037.0
2800.0
2700.0
1066.8
2900.0
2700.0
1097.7
3000.0
2700.0
1129.7
3100.0
2700.0
1162.7
3200.0
2700.0
1196.9
3300.0
2700.0
1232.2
3400.0
2700.0
1268.6
3500.0
2700.0
1306.0
3600.0
2700.0
1344.6
3700.0
2700.0
1384.2
3800.0
2700.0
1424.9
3900.0
2700.0
1466.8
4000.0
2700.0
1509.8
4100.0
2700.0
1553.8
4200.0
2700.0
1598.0
4300.0
2700.0
1645.3
4400.0
2700.0
1692.6
4500.0
2700.0
1741.1
4600.0
2700.0
1790.7
4700.0
2700.0
1841.4
4800.0
2700.0
1893.2
4900.0
2700.0
1946.2
5000.0
2700.0
2000.2
5100.0
2700.0
2055.4
5200.0
2700.0
2111.7
5300.0
2700.0
2169.1
5400.0
2700.0
2227.6
5500.0
2700.0
2287.3
5600.0
2700.0
2348.1
5700.0
2700.0
2410.0
5800.0
2700.0
2473.0
5900.0
2700.0
2537.2
6000.0
2700.0
2602.6
6100.0
2700.0
2669.0
6200.0
2700.0
2736.6
6300.0
2700.0
2805.4
6400.0
2700.0
2875.3
6500.0
2700.0
2946.4
6600.0
2700.0
3018.6
6700.0
2700.0
3092.0
6750.0
2700.0
3129.1
0.0
2800.0
692.3
100.0
2800.0
692.9
200.0
2800.0
694.5
300.0
2800.0
697.2
400.0
2800.0
701.0
500.0
2800.0
705.9
600.0
2800.0
711.9
700.0
2800.0
718.9
800.0
2800.0
727.0
900.0
2800.0
736.3
1000.0
2800.0
746.6
1100.0
2800.0
758.0
1200.0
2800.0
770.4
1300.0
2800.0
784.0
1400.0
2800.0
798.6
1500.0
2800.0
814.4
1600.0
2800.0
831.2
1700.0
2800.0
849.1
1800.0
2800.0
868.1
1900.0
2800.0
888.2
2000.0
2800.0
909.4
2100.0
2800.0
931.6
2200.0
2800.0
955.0
2300.0
2800.0
979.4
2400.0
2800.0
1005.0
2500.0
2800.0
1031.6
2600.0
2800.0
1059.3
2700.0
2800.0
1088.1
2800.0
2800.0
1118.0
2900.0
2800.0
1149.1
3000.0
2800.0
1181.2
3100.0
2800.0
1214.4
3200.0
2800.0
1248.7
3300.0
2800.0
1284.1
3400.0
2800.0
1320.5
3500.0
2800.0
1358.2
3600.0
2800.0
1396.9
3700.0
2800.0
1436.7
3800.0
2800.0
1477.5
3900.0
2800.0
1519.6
4000.0
2800.0
1562.7
4100.0
2800.0
1606.9
4200.0
2800.0
1652.2
4300.0
2800.0
1698.7
4400.0
2800.0
1746.2
4500.0
2800.0
1794.9
4600.0
2800.0
1844.7
4700.0
2800.0
1895.6
4800.0
2800.0
1947.6
4900.0
2800.0
2000.8
5000.0
2800.0
2055.0
5100.0
2800.0
2110.4
5200.0
2800.0
2167.0
5300.0
2800.0
2224.6
5400.0
2800.0
2283.4
5500.0
2800.0
2343.3
5600.0
2800.0
2404.3
5700.0
2800.0
2466.5
5800.0
2800.0
2529.9
5900.0
2800.0
2594.3
6000.0
2800.0
2659.9
6100.0
2800.0
2726.7
6200.0
2800.0
2794.7
6300.0
2800.0
2863.7
6400.0
2800.0
2933.9
6500.0
2800.0
3005.4
6600.0
2800.0
3078.0
6700.0
2800.0
3151.8
6750.0
2800.0
3189.1
0.0
2900.0
743.7
100.0
2900.0
744.3
200.0
2900.0
745.9
300.0
2900.0
748.6
400.0
2900.0
752.5
500.0
2900.0
757.4
600.0
2900.0
763.3
700.0
2900.0
770.4
800.0
2900.0
778.6
900.0
2900.0
787.8
1000.0
2900.0
798.2
1100.0
2900.0
809.6
1200.0
2900.0
822.1
1300.0
2900.0
835.7
1400.0
2900.0
850.4
1500.0
2900.0
866.2
1600.0
2900.0
883.1
1700.0
2900.0
901.1
1800.0
2900.0
920.1
1900.0
2900.0
940.3
2000.0
2900.0
961.6
2100.0
2900.0
983.8
2200.0
2900.0
1007.3
2300.0
2900.0
1031.9
2400.0
2900.0
1057.5
2500.0
2900.0
1084.2
2600.0
2900.0
1112.1
2700.0
2900.0
1141.0
2800.0
2900.0
1171.0
2900.0
2900.0
1202.1
3000.0
2900.0
1234.4
3100.0
2900.0
1267.7
3200.0
2900.0
1302.1
3300.0
2900.0
1337.6
3400.0
2900.0
1374.3
3500.0
2900.0
1412.0
3600.0
2900.0
1450.8
3700.0
2900.0
1490.8
3800.0
2900.0
1531.9
3900.0
2900.0
1574.0
4000.0
2900.0
1617.3
4100.0
2900.0
1661.7
4200.0
2900.0
1707.2
4300.0
2900.0
1753.9
4400.0
2900.0
1801.6
4500.0
2900.0
1850.5
4600.0
2900.0
1900.5
4700.0
2900.0
1954.6
4800.0
2900.0
2003.8
4900.0
2900.0
2057.2
5000.0
2900.0
2111.7
5100.0
2900.0
2167.3
5200.0
2900.0
2224.1
5300.0
2900.0
2228.2
5400.0
2900.0
2341.0
5500.0
2900.0
2401.2
5600.0
2900.0
2462.6
5700.0
2900.0
2525.0
5800.0
2900.0
2588.7
5900.0
2900.0
2659.5
6000.0
2900.0
2719.4
6100.0
2900.0
2786.5
6200.0
2900.0
2854.8
6300.0
2900.0
2924.2
6400.0
2900.0
2994.9
0.0
3000.0
796.8
100.0
3000.0
797.3
200.0
3000.0
799.0
300.0
3000.0
801.7
400.0
3000.0
805.5
500.0
3000.0
810.4
600.0
3000.0
814.5
700.0
3000.0
823.6
800.0
3000.0
831.7
900.0
3000.0
841.0
1000.0
3000.0
851.4
1100.0
3000.0
862.9
1200.0
3000.0
875.4
1300.0
3000.0
889.1
1400.0
3000.0
903.9
1500.0
3000.0
919.7
1600.0
3000.0
936.7
1700.0
3000.0
954.7
1800.0
3000.0
973.8
1900.0
3000.0
994.1
2000.0
3000.0
1015.4
2100.0
3000.0
1037.8
2200.0
3000.0
1061.4
2300.0
3000.0
1086.0
2400.0
3000.0
1111.7
2500.0
3000.0
1138.5
2600.0
3000.0
1166.5
2700.0
3000.0
1195.5
2800.0
3000.0
1225.6
2900.0
3000.0
1256.9
3000.0
3000.0
1289.2
3100.0
3000.0
1322.7
3200.0
3000.0
1357.3
3300.0
3000.0
1392.9
3400.0
3000.0
1429.7
3500.0
3000.0
1467.6
3600.0
3000.0
1506.6
3700.0
3000.0
1546.7
3800.0
3000.0
1587.9
3900.0
3000.0
1630.3
4000.0
3000.0
1673.8
4100.0
3000.0
1718.3
4200.0
3000.0
1764.0
4300.0
3000.0
1810.9
4400.0
3000.0
1858.8
4500.0
3000.0
1907.9
4600.0
3000.0
1958.1
4700.0
3000.0
2009.5
4800.0
3000.0
2061.9
4900.0
3000.0
2115.5
5000.0
3000.0
2170.3
5100.0
3000.0
2226.2
5200.0
3000.0
2283.2
5300.0
3000.0
2341.4
5400.0
3000.0
2400.7
5500.0
3000.0
2461.2
5600.0
3000.0
2522.8
5700.0
3000.0
2588.6
5800.0
3000.0
2649.6
0.0
3100.0
851.5
100.0
3100.0
852.1
200.0
3100.0
853.7
300.0
3100.0
856.5
400.0
3100.0
860.3
500.0
3100.0
865.2
600.0
3100.0
871.2
700.0
3100.0
878.4
800.0
3100.0
886.6
900.0
3100.0
895.9
1000.0
3100.0
906.3
1100.0
3100.0
917.9
1200.0
3100.0
930.5
1300.0
3100.0
944.2
1400.0
3100.0
959.0
1500.0
3100.0
974.9
1600.0
3100.0
991.9
1700.0
3100.0
1010.0
1800.0
3100.0
1029.2
1900.0
3100.0
1049.6
2000.0
3100.0
1071.0
2100.0
3100.0
1093.5
2200.0
3100.0
1117.1
2300.0
3100.0
1141.8
2400.0
3100.0
1167.7
2500.0
3100.0
1194.6
2600.0
3100.0
1222.6
2700.0
3100.0
1251.8
2800.0
3100.0
1282.1
2900.0
3100.0
1313.4
3000.0
3100.0
1345.9
3100.0
3100.0
1379.5
3200.0
3100.0
1414.2
3300.0
3100.0
1450.0
3400.0
3100.0
1487.0
3500.0
3100.0
1525.0
3600.0
3100.0
1564.2
3700.0
3100.0
1604.9
3800.0
3100.0
1645.9
3900.0
3100.0
1618.4
4000.0
3100.0
1732.1
4100.0
3100.0
1776.8
4200.0
3100.0
1822.7
4300.0
3100.0
1869.8
4400.0
3100.0
1917.9
4500.0
3100.0
1967.3
4600.0
3100.0
2017.7
4700.0
3100.0
2069.3
4800.0
3100.0
2122.0
4900.0
3100.0
2175.9
5000.0
3100.0
2230.9
5100.0
3100.0
2287.1
5200.0
3100.0
2344.4
0.0
3200.0
908.0
100.0
3200.0
908.5
200.0
3200.0
910.2
300.0
3200.0
912.9
400.0
3200.0
916.8
500.0
3200.0
921.7
600.0
3200.0
927.8
700.0
3200.0
934.9
800.0
3200.0
943.2
900.0
3200.0
952.5
1000.0
3200.0
963.0
1100.0
3200.0
974.6
1200.0
3200.0
987.2
1300.0
3200.0
1001.0
1400.0
3200.0
1015.9
1500.0
3200.0
1031.8
1600.0
3200.0
1048.9
1700.0
3200.0
1067.1
1800.0
3200.0
1086.4
1900.0
3200.0
1106.8
2000.0
3200.0
1128.3
2100.0
3200.0
1150.9
2200.0
3200.0
1174.6
2300.0
3200.0
1199.5
2400.0
3200.0
1225.4
2500.0
3200.0
1252.5
2600.0
3200.0
1280.6
2700.0
3200.0
1309.9
2800.0
3200.0
1340.3
2900.0
3200.0
1371.8
3000.0
3200.0
1404.4
3100.0
3200.0
1438.1
3200.0
3200.0
1473.0
3300.0
3200.0
1509.0
3400.0
3200.0
1546.1
3500.0
3200.0
1584.3
3600.0
3200.0
1623.7
3700.0
3200.0
1664.1
3800.0
3200.0
1705.7
3900.0
3200.0
1748.4
4000.0
3200.0
1798.3
4100.0
3200.0
1837.3
4200.0
3200.0
1883.5
4300.0
3200.0
1930.7
4400.0
3200.0
1919.1
4500.0
3200.0
2028.7
0.0
3300.0
966.2
100.0
3300.0
966.7
200.0
3300.0
968.4
300.0
3300.0
971.2
400.0
3300.0
975.0
500.0
3300.0
980.0
600.0
3300.0
986.1
700.0
3300.0
993.3
800.0
3300.0
1001.6
900.0
3300.0
1011.0
1000.0
3300.0
1021.5
1100.0
3300.0
1033.1
1200.0
3300.0
1045.8
1300.0
3300.0
1059.6
1400.0
3300.0
1074.6
1500.0
3300.0
1090.6
1600.0
3300.0
1107.8
1700.0
3300.0
1126.0
1800.0
3300.0
1145.4
1900.0
3300.0
1165.9
2000.0
3300.0
1187.5
2100.0
3300.0
1210.2
2200.0
3300.0
1234.0
2300.0
3300.0
1259.0
2400.0
3300.0
1285.0
2500.0
3300.0
1312.2
2600.0
3300.0
1340.5
2700.0
3300.0
1369.9
2800.0
3300.0
1400.4
2900.0
3300.0
1432.1
3000.0
3300.0
1464.8
3100.0
3300.0
1498.7
3200.0
3300.0
1533.8
3300.0
3300.0
1569.9
3400.0
3300.0
1607.2
3500.0
3300.0
1645.6
3600.0
3300.0
1685.1
3700.0
3300.0
1725.8
3800.0
3300.0
1725.8
0.0
3400.0
1026.3
100.0
3400.0
1026.8
200.0
3400.0
1028.5
300.0
3400.0
1031.3
400.0
3400.0
1035.1
500.0
3400.0
1040.1
600.0
3400.0
1046.3
700.0
3400.0
1053.5
800.0
3400.0
1061.8
900.0
3400.0
1071.2
1000.0
3400.0
1081.8
1100.0
3400.0
1093.5
1200.0
3400.0
1106.2
1300.0
3400.0
1120.1
1400.0
3400.0
1135.1
1500.0
3400.0
1151.2
1600.0
3400.0
1168.5
1700.0
3400.0
1186.8
1800.0
3400.0
1206.3
1900.0
3400.0
1226.9
2000.0
3400.0
1248.6
2100.0
3400.0
1271.4
2200.0
3400.0
1295.3
2300.0
3400.0
1320.4
2400.0
3400.0
1346.6
2500.0
3400.0
1373.9
2600.0
3400.0
1402.4
2700.0
3400.0
1431.9
0.0
3500.0
1088.4
100.0
3500.0
1088.9
200.0
3500.0
1090.6
300.0
3500.0
1093.4
400.0
3500.0
1097.3
500.0
3500.0
1102.3
600.0
3500.0
1108.5
700.0
3500.0
1115.7
