7750.000000,2691.490000,966.760000
7750.000000,2887.200000,4042.580000
7750.000000,2691.490000,966.760000
7647.130000,2693.880000,960.480000
7545.170000,2696.080000,955.040000
7444.090000,2698.110000,950.440000
7343.850000,2699.950000,946.670000
7244.380000,2701.630000,943.710000
7145.650000,2703.140000,941.560000
7047.610000,2704.490000,940.210000
6950.210000,2705.670000,939.660000
6853.420000,2706.690000,939.900000
6757.200000,2707.560000,940.920000
6661.500000,2708.280000,942.730000
6566.290000,2708.850000,945.320000
6471.530000,2709.260000,948.690000
6377.190000,2709.530000,952.830000
6283.240000,2709.660000,957.740000
6189.640000,2709.640000,963.420000
6096.360000,2709.480000,969.880000
6004.990000,2709.190000,976.980000
5912.260000,2708.750000,984.960000
5818.380000,2708.170000,993.820000
5723.300000,2707.420000,1003.590000
5626.970000,2706.500000,1014.270000
5529.330000,2705.410000,1025.870000
5430.310000,2704.120000,1038.420000
5329.850000,2702.620000,1051.930000
5227.890000,2700.910000,1066.420000
5124.340000,2698.960000,1081.910000
5019.120000,2696.760000,1098.430000
4912.140000,2694.300000,1115.990000
4803.310000,2691.540000,1134.620000
4692.520000,2688.480000,1154.350000
4579.660000,2685.090000,1175.210000
4464.620000,2681.340000,1197.220000
4347.260000,2677.200000,1220.420000
4257.030000,2673.810000,1238.740000
4135.270000,2668.920000,1264.120000
4011.620000,2663.590000,1290.600000
3886.050000,2657.790000,1318.210000
3758.490000,2651.480000,1346.970000
3628.900000,2644.650000,1376.860000
3497.250000,2637.240000,1407.910000
3363.510000,2629.240000,1440.100000
3227.690000,2620.600000,1473.420000
3089.800000,2611.280000,1507.870000
2949.890000,2601.270000,1543.400000
2808.050000,2590.520000,1579.980000
2664.410000,2579.000000,1617.540000
2519.130000,2566.700000,1656.020000
2497.720000,2564.830000,1661.730000
2350.840000,2551.600000,1701.130000
2205.210000,2537.770000,1740.620000
2060.940000,2523.360000,1780.140000
1918.090000,2508.350000,1819.630000
1776.730000,2492.760000,1859.080000
1636.920000,2476.590000,1898.420000
1498.700000,2459.840000,1937.630000
1362.110000,2442.530000,1976.680000
1227.160000,2424.650000,2015.530000
1093.890000,2406.210000,2054.170000
962.300000,2387.220000,2092.570000
832.400000,2367.690000,2130.700000
739.460000,2353.220000,2158.120000
612.470000,2332.740000,2195.780000
491.770000,2312.470000,2231.750000
376.350000,2292.270000,2266.320000
265.420000,2272.030000,2299.700000
158.400000,2251.680000,2332.040000
54.810000,2231.170000,2363.470000
-45.740000,2210.430000,2394.110000
-143.550000,2189.430000,2424.020000
-238.900000,2168.130000,2453.280000
-332.000000,2146.510000,2481.950000
-423.050000,2124.530000,2510.080000
-435.520000,2121.460000,2513.940000
7750.000000,2887.200000,4042.580000
7750.000000,2761.180000,5084.230000
17263.700000,20.000000,5869.950000
17263.240000,58.380000,5869.820000
17261.980000,96.640000,5869.600000
17259.940000,134.740000,5869.300000
17257.120000,172.710000,5868.920000
17253.500000,210.530000,5868.470000
17249.110000,248.230000,5867.930000
17243.930000,285.790000,5867.310000
17237.960000,323.240000,5866.610000
17231.220000,360.580000,5865.830000
17223.680000,397.800000,5864.980000
17215.360000,434.920000,5864.040000
17206.240000,471.940000,5863.020000
17196.340000,508.860000,5861.920000
17185.630000,545.690000,5860.730000
17174.130000,582.430000,5859.470000
17161.820000,619.090000,5858.120000
17148.700000,655.660000,5856.680000
17134.760000,692.160000,5855.170000
17120.000000,728.580000,5853.560000
17104.420000,764.930000,5851.880000
17088.010000,801.210000,5850.100000
17070.750000,837.420000,5848.240000
17052.650000,873.550000,5846.290000
17033.690000,909.620000,5844.250000
17013.880000,945.630000,5842.130000
16993.190000,981.560000,5839.910000
16971.630000,1017.420000,5837.600000
16949.190000,1053.220000,5835.190000
16925.850000,1088.940000,5832.700000
16901.610000,1124.590000,5830.110000
16876.470000,1160.160000,5827.420000
16850.410000,1195.640000,5824.640000
16823.430000,1231.050000,5821.760000
16795.520000,1266.360000,5818.780000
16766.670000,1301.580000,5815.700000
16736.880000,1336.690000,5812.520000
16706.140000,1371.690000,5809.240000
16674.450000,1406.580000,5805.860000
16641.800000,1441.340000,5802.370000
16608.190000,1475.970000,5798.790000
16573.620000,1510.450000,5795.090000
16538.080000,1544.770000,5791.300000
16501.580000,1578.920000,5787.400000
16464.110000,1612.890000,5783.390000
16425.680000,1646.660000,5779.280000
16386.290000,1680.210000,5775.060000
16345.950000,1713.530000,5770.740000
16304.670000,1746.610000,5766.320000
16262.460000,1779.410000,5761.790000
16219.330000,1811.920000,5757.160000
16175.310000,1844.120000,5752.430000
16130.410000,1875.970000,5747.590000
16084.650000,1907.470000,5742.660000
16038.060000,1938.570000,5737.630000
15990.690000,1969.240000,5732.510000
15942.560000,1999.470000,5727.300000
15893.720000,2029.200000,5722.010000
15844.210000,2058.420000,5716.630000
15831.050000,2066.030000,5715.200000
15780.780000,2094.530000,5709.730000
15730.210000,2122.300000,5704.210000
15679.310000,2149.330000,5698.650000
15628.080000,2175.650000,5693.040000
15576.510000,2201.260000,5687.380000
15524.560000,2226.160000,5681.680000
15472.230000,2250.370000,5675.920000
15419.490000,2273.890000,5670.110000
15366.330000,2296.730000,5664.250000
15312.720000,2318.910000,5658.330000
15258.640000,2340.420000,5652.350000
15204.060000,2361.280000,5646.310000
15148.950000,2381.490000,5640.210000
15093.280000,2401.060000,5634.040000
15037.020000,2420.010000,5627.800000
14980.130000,2438.330000,5621.490000
14922.560000,2456.030000,5615.100000
14864.270000,2473.130000,5608.630000
14805.210000,2489.640000,5602.080000
14745.320000,2505.550000,5595.430000
14684.530000,2520.890000,5588.680000
14622.760000,2535.660000,5581.830000
14559.920000,2549.870000,5574.860000
14495.910000,2563.550000,5567.770000
14430.600000,2576.690000,5560.540000
14363.850000,2589.320000,5553.170000
14295.470000,2601.460000,5545.620000
14225.240000,2613.140000,5537.880000
14152.870000,2624.370000,5529.930000
14077.990000,2635.210000,5521.720000
14000.100000,2645.700000,5513.210000
13918.480000,2655.910000,5504.320000
13832.100000,2665.950000,5494.960000
13799.770000,2669.520000,5491.460000
13703.970000,2679.580000,5481.150000
13607.840000,2688.870000,5470.880000
13511.140000,2697.430000,5460.620000
13413.580000,2705.290000,5450.360000
13314.830000,2712.450000,5440.080000
13214.510000,2718.950000,5429.750000
13112.160000,2724.790000,5419.350000
13007.240000,2730.020000,5408.820000
12899.050000,2734.630000,5398.140000
12786.710000,2738.670000,5387.240000
12669.080000,2742.150000,5376.050000
12544.610000,2745.090000,5364.470000
12411.090000,2747.550000,5352.360000
12265.360000,2749.560000,5339.520000
12102.890000,2751.210000,5325.690000
12032.820000,2751.790000,5319.890000
11839.540000,2753.150000,5304.360000
11637.890000,2754.230000,5288.880000
11426.660000,2755.020000,5273.390000
11204.410000,2755.530000,5257.820000
10969.400000,2755.780000,5242.100000
10719.440000,2755.750000,5226.120000
10451.820000,2755.470000,5209.760000
10162.990000,2754.940000,5192.860000
10097.450000,2754.790000,5189.120000
9776.480000,2754.020000,5171.330000
9477.320000,2753.400000,5155.590000
9201.010000,2753.110000,5141.850000
8941.980000,2753.230000,5129.720000
8695.650000,2753.780000,5118.890000
8458.860000,2754.790000,5109.170000
8229.450000,2756.270000,5100.400000
8005.840000,2758.240000,5092.490000
7786.900000,2760.710000,5085.370000
7750.000000,2761.180000,5084.230000
7750.000000,2887.200000,4042.580000
7546.090000,2888.540000,4035.360000
7338.050000,2889.850000,4028.790000
7125.230000,2891.110000,4022.850000
6906.830000,2892.310000,4017.530000
6681.890000,2893.440000,4012.840000
6449.210000,2894.470000,4008.760000
6207.310000,2895.390000,4005.290000
6004.980000,2896.020000,4002.930000
5741.340000,2896.640000,4000.570000
5493.610000,2896.980000,3999.130000
5258.440000,2897.050000,3998.550000
5033.570000,2896.840000,3998.770000
4817.370000,2896.380000,3999.750000
4608.610000,2895.650000,4001.460000
4406.340000,2894.650000,4003.870000
4257.160000,2893.730000,4006.160000
4064.560000,2892.280000,4009.780000
3871.800000,2890.510000,4014.130000
3679.110000,2888.380000,4019.190000
3486.710000,2885.860000,4024.940000
3294.820000,2882.910000,4031.360000
3103.640000,2879.530000,4038.420000
2913.350000,2875.670000,4046.080000
2724.120000,2871.310000,4054.310000
2536.090000,2866.450000,4063.090000
2498.220000,2865.400000,4064.920000
2311.820000,2859.890000,4074.300000
2124.470000,2853.730000,4084.230000
1937.280000,2846.900000,4094.580000
1751.340000,2839.410000,4105.250000
1567.620000,2831.260000,4116.090000
1386.930000,2822.480000,4126.980000
1209.890000,2813.080000,4137.830000
1036.870000,2803.090000,4148.540000
868.120000,2792.540000,4159.050000
739.590000,2783.950000,4167.070000
578.550000,2772.430000,4177.100000
433.060000,2761.190000,4186.190000
298.620000,2749.980000,4194.650000
172.590000,2738.640000,4202.680000
53.260000,2727.090000,4210.380000
-60.540000,2715.260000,4217.850000
-169.680000,2703.110000,4225.140000
-274.810000,2690.600000,4232.310000
-376.450000,2677.700000,4239.390000
-474.990000,2664.380000,4246.410000
-517.700000,2658.350000,4249.500000
7750.000000,2761.180000,5084.230000
7669.830000,2763.040000,5082.050000
7574.150000,2764.560000,5079.550000
7527.060000,2765.140000,5078.370000
7350.100000,2766.920000,5074.290000
7173.880000,2768.250000,5070.890000
7056.510000,2768.950000,5069.060000
6893.040000,2769.770000,5067.200000
6745.710000,2770.360000,5066.360000
6609.480000,2770.760000,5066.390000
6481.570000,2770.990000,5067.230000
6360.250000,2771.090000,5068.850000
6280.480000,2771.090000,5070.370000
6167.730000,2770.980000,5073.220000
6061.700000,2770.760000,5076.710000
5961.010000,2770.440000,5080.840000
5864.740000,2770.020000,5085.600000
5772.210000,2769.490000,5090.980000
5682.910000,2768.880000,5096.980000
5668.990000,2768.770000,5097.990000
5582.940000,2768.040000,5104.710000
5500.770000,2767.240000,5111.940000
5421.880000,2766.350000,5119.690000
5345.840000,2765.380000,5127.970000
5272.300000,2764.330000,5136.790000
5200.990000,2763.210000,5146.150000
5157.030000,2762.450000,5152.340000
5088.890000,2761.190000,5162.600000
5023.380000,2759.870000,5173.280000
4960.190000,2758.490000,5184.400000
4899.070000,2757.030000,5195.970000
4839.810000,2755.520000,5208.010000
4782.240000,2753.930000,5220.520000
4726.230000,2752.280000,5233.520000
4694.310000,2751.290000,5241.310000
4640.520000,2749.530000,5255.090000
4588.560000,2747.720000,5269.230000
4538.270000,2745.870000,5283.750000
4489.510000,2743.950000,5298.670000
4442.190000,2741.990000,5313.990000
4396.190000,2739.970000,5329.720000
4351.450000,2737.900000,5345.870000
4307.880000,2735.770000,5362.460000
4285.200000,2734.620000,5371.440000
4243.310000,2732.410000,5388.690000
4202.650000,2730.150000,5406.300000
4163.150000,2727.840000,5424.290000
4124.780000,2725.490000,5442.650000
4087.480000,2723.090000,5461.380000
4051.240000,2720.650000,5480.480000
4016.000000,2718.160000,5499.950000
3981.740000,2715.630000,5519.810000
3963.960000,2714.260000,5530.490000
3931.140000,2711.660000,5550.920000
3899.130000,2709.000000,5571.790000
3867.920000,2706.290000,5593.080000
3837.540000,2703.530000,5614.790000
3807.970000,2700.730000,5636.900000
3779.230000,2697.880000,5659.400000
3751.300000,2694.980000,5682.270000
3724.200000,2692.050000,5705.500000
3710.340000,2690.500000,5717.810000
3684.480000,2687.500000,5741.570000
3659.270000,2684.450000,5765.830000
3634.720000,2681.340000,5790.560000
3610.860000,2678.180000,5815.730000
3593.530000,2675.800000,5834.770000
3570.900000,2672.560000,5860.670000
3548.880000,2669.260000,5887.070000
3527.510000,2665.910000,5913.960000
3506.780000,2662.510000,5941.310000
3500.670000,2661.470000,5949.640000
3500.670000,2661.470000,5949.640000
3204.490000,2655.360000,5972.010000
2932.110000,2648.910000,5992.570000
2677.230000,2642.050000,6011.820000
2436.000000,2634.740000,6030.040000
2264.230000,2629.000000,6043.010000
2041.150000,2620.830000,6059.860000
1831.410000,2612.320000,6075.690000
1632.270000,2603.420000,6090.730000
1483.210000,2596.190000,6101.990000
1298.630000,2586.510000,6115.930000
1119.720000,2576.310000,6129.440000
945.850000,2565.590000,6142.570000
813.120000,2556.840000,6152.590000
647.000000,2545.140000,6165.130000
496.890000,2533.730000,6176.470000
357.900000,2522.330000,6186.960000
253.920000,2513.220000,6194.820000
128.710000,2501.500000,6204.270000
9.930000,2489.560000,6213.240000
-103.550000,2477.330000,6221.810000
-212.550000,2464.770000,6230.040000
-267.980000,2458.050000,6234.230000
-786.380000,0.000000,4318.560000
-500.100000,0.000000,6281.730000
-786.380000,0.000000,4318.560000
-556.540000,0.000000,2041.740000
-786.380000,0.000000,4318.560000
-785.960000,84.400000,4316.220000
-784.740000,172.000000,4313.800000
-782.670000,262.770000,4311.300000
-779.740000,356.670000,4308.730000
-775.920000,453.650000,4306.090000
-771.190000,553.630000,4303.370000
-765.530000,656.500000,4300.600000
-758.930000,762.120000,4297.750000
-751.370000,870.300000,4294.860000
-742.860000,980.820000,4291.910000
-733.400000,1093.400000,4288.930000
-723.000000,1207.710000,4285.910000
-711.690000,1323.340000,4282.870000
-699.510000,1439.820000,4279.830000
-686.500000,1556.610000,4276.800000
-672.740000,1673.080000,4273.790000
-658.310000,1788.510000,4270.830000
-643.320000,1902.130000,4267.940000
-627.890000,2013.090000,4265.130000
-612.170000,2120.470000,4262.440000
-596.310000,2223.360000,4259.890000
-580.500000,2320.840000,4257.490000
-564.910000,2412.070000,4255.280000
-549.720000,2496.290000,4253.270000
-535.110000,2572.920000,4251.470000
-521.230000,2641.550000,4249.880000
-517.700000,2658.350000,4249.500000
-517.700000,2658.350000,4249.500000
-441.500000,2597.260000,4859.780000
-360.110000,2532.020000,5506.730000
-328.090000,2506.330000,5760.080000
-267.980000,2458.050000,6234.220000
-517.700000,2658.350000,4249.500000
-511.370000,2601.630000,4071.900000
-504.100000,2542.960000,3886.950000
-495.850000,2482.130000,3693.770000
-486.620000,2418.950000,3491.500000
-483.960000,2401.470000,3435.260000
-473.460000,2335.150000,3220.530000
-462.380000,2269.060000,3004.460000
-450.770000,2203.270000,2787.250000
-438.650000,2137.870000,2569.070000
-435.520000,2121.460000,2513.940000
-267.980000,2458.050000,6234.220000
-283.260000,2371.630000,6235.890000
-298.460000,2281.200000,6237.640000
-313.660000,2185.980000,6239.480000
-329.030000,2084.860000,6241.430000
-333.340000,2055.560000,6242.000000
-349.220000,1944.340000,6244.150000
-364.500000,1831.670000,6246.330000
-379.180000,1717.460000,6248.530000
-393.260000,1601.670000,6250.770000
-406.750000,1484.210000,6253.040000
-409.350000,1460.790000,6253.490000
-422.110000,1341.230000,6255.800000
-433.880000,1223.410000,6258.080000
-444.670000,1107.230000,6260.330000
-454.510000,992.620000,6262.540000
-463.410000,879.480000,6264.730000
-468.960000,803.060000,6266.210000
-476.320000,692.240000,6268.350000
-482.580000,585.580000,6270.410000
-487.820000,482.500000,6272.400000
-492.090000,382.560000,6274.330000
-495.430000,285.420000,6276.210000
-497.210000,219.740000,6277.480000
-499.040000,126.680000,6279.280000
-499.970000,37.830000,6281.000000
-500.100000,0.000000,6281.730000
15086.060000,20.000000,2759.220000
15088.390000,20.000000,2738.950000
15091.480000,20.000000,2719.080000
15095.310000,20.000000,2699.570000
15099.890000,20.000000,2680.370000
15105.220000,20.000000,2661.440000
15111.310000,20.000000,2642.740000
15118.170000,20.000000,2624.210000
15125.840000,20.000000,2605.790000
15134.330000,20.000000,2587.460000
15143.690000,20.000000,2569.130000
15153.970000,20.000000,2550.760000
15165.210000,20.000000,2532.280000
15177.490000,20.000000,2513.620000
15190.890000,20.000000,2494.680000
15205.530000,20.000000,2475.380000
15221.530000,20.000000,2455.570000
15239.070000,20.000000,2435.120000
15258.380000,20.000000,2413.800000
15279.790000,20.000000,2391.340000
15303.750000,20.000000,2367.310000
15331.020000,20.000000,2341.060000
15362.960000,20.000000,2311.370000
15369.260000,20.000000,2305.610000
15410.830000,20.000000,2268.130000
15475.750000,20.000000,2210.340000
15514.540000,20.000000,2175.490000
15561.030000,20.000000,2132.690000
15596.470000,20.000000,2098.860000
15626.720000,20.000000,2068.810000
15653.480000,20.000000,2041.040000
15677.570000,20.000000,2014.850000
15699.460000,20.000000,1989.850000
15719.450000,20.000000,1965.760000
15737.760000,20.000000,1942.420000
15754.560000,20.000000,1919.690000
15769.970000,20.000000,1897.470000
15784.100000,20.000000,1875.670000
15797.030000,20.000000,1854.240000
15801.850000,20.000000,1845.810000
15813.220000,20.000000,1824.800000
15823.960000,20.000000,1803.280000
15834.060000,20.000000,1781.270000
15843.520000,20.000000,1758.770000
15852.310000,20.000000,1735.780000
15860.430000,20.000000,1712.320000
15867.870000,20.000000,1688.400000
15874.620000,20.000000,1664.030000
15880.660000,20.000000,1639.230000
15885.980000,20.000000,1614.020000
15890.580000,20.000000,1588.420000
15894.430000,20.000000,1562.460000
15897.520000,20.000000,1536.170000
15899.850000,20.000000,1509.580000
15901.410000,20.000000,1482.740000
15902.180000,20.000000,1455.680000
15902.160000,20.000000,1428.460000
15901.340000,20.000000,1401.120000
15899.730000,20.000000,1373.720000
15897.320000,20.000000,1346.320000
15894.110000,20.000000,1318.980000
15890.130000,20.000000,1291.780000
15886.000000,20.000000,1268.130000
15880.570000,20.000000,1241.350000
15874.390000,20.000000,1214.880000
15867.450000,20.000000,1188.670000
15859.740000,20.000000,1162.670000
15851.250000,20.000000,1136.850000
15841.970000,20.000000,1111.150000
15831.870000,20.000000,1085.550000
15820.930000,20.000000,1059.980000
15809.120000,20.000000,1034.410000
15796.400000,20.000000,1008.790000
15782.750000,20.000000,983.070000
15768.110000,20.000000,957.190000
15752.430000,20.000000,931.100000
15735.660000,20.000000,904.750000
15717.740000,20.000000,878.060000
15698.580000,20.000000,850.960000
15678.100000,20.000000,823.380000
15656.210000,20.000000,795.230000
15632.780000,20.000000,766.410000
15628.200000,20.000000,760.910000
15602.700000,20.000000,731.150000
15580.190000,20.000000,706.210000
15558.830000,20.000000,683.820000
15537.910000,20.000000,663.090000
15517.010000,20.000000,643.570000
15495.890000,20.000000,624.970000
15474.360000,20.000000,607.110000
15452.270000,20.000000,589.850000
15429.490000,20.000000,573.100000
15405.920000,20.000000,556.790000
15381.440000,20.000000,540.850000
15355.970000,20.000000,525.240000
15329.420000,20.000000,509.920000
15301.680000,20.000000,494.870000
15272.680000,20.000000,480.060000
15242.310000,20.000000,465.480000
15210.490000,20.000000,451.100000
15177.120000,20.000000,436.920000
15142.120000,20.000000,422.930000
15105.370000,20.000000,409.130000
15066.780000,20.000000,395.500000
15026.260000,20.000000,382.060000
14983.690000,20.000000,368.800000
14938.960000,20.000000,355.720000
14891.970000,20.000000,342.830000
14842.590000,20.000000,330.130000
14790.720000,20.000000,317.630000
14788.750000,20.000000,317.170000
7750.000000,0.000000,0.000000
14788.700000,0.000000,317.170000
7750.000000,75.000000,0.000000
7750.000000,2691.490000,966.760000
15086.060000,20.000000,2759.220000
15084.450000,20.000000,2777.630000
15083.580000,20.000000,2796.770000
15083.490000,20.000000,2816.660000
15084.190000,20.000000,2837.360000
15085.720000,20.000000,2858.900000
15088.110000,20.000000,2881.310000
15091.410000,20.000000,2904.630000
15095.650000,20.000000,2928.910000
15100.880000,20.000000,2954.180000
15107.150000,20.000000,2980.490000
15112.300000,20.000000,3000.000000
14788.750000,20.000000,317.170000
14788.700000,0.000000,317.170000
15086.060000,20.000000,2759.220000
15086.010000,0.000000,2759.220000
15086.010000,0.000000,2759.220000
15088.340000,0.000000,2738.950000
15091.430000,0.000000,2719.080000
15095.260000,0.000000,2699.570000
15099.840000,0.000000,2680.370000
15105.170000,0.000000,2661.440000
15111.260000,0.000000,2642.740000
15118.120000,0.000000,2624.210000
15125.790000,0.000000,2605.800000
15134.280000,0.000000,2587.460000
15143.640000,0.000000,2569.130000
15153.920000,0.000000,2550.760000
15165.160000,0.000000,2532.280000
15177.440000,0.000000,2513.620000
15190.850000,0.000000,2494.680000
15205.480000,0.000000,2475.380000
15221.480000,0.000000,2455.570000
15239.020000,0.000000,2435.120000
15258.340000,0.000000,2413.800000
15279.740000,0.000000,2391.340000
15303.700000,0.000000,2367.310000
15330.980000,0.000000,2341.060000
15362.910000,0.000000,2311.370000
15369.210000,0.000000,2305.610000
15410.790000,0.000000,2268.130000
15475.700000,0.000000,2210.340000
15514.490000,0.000000,2175.490000
15560.980000,0.000000,2132.690000
15596.420000,0.000000,2098.860000
15626.670000,0.000000,2068.810000
15653.430000,0.000000,2041.040000
15677.520000,0.000000,2014.850000
15699.410000,0.000000,1989.850000
15719.400000,0.000000,1965.760000
15737.710000,0.000000,1942.420000
15754.510000,0.000000,1919.690000
15769.930000,0.000000,1897.470000
15784.050000,0.000000,1875.670000
15796.980000,0.000000,1854.240000
15801.800000,0.000000,1845.810000
15813.170000,0.000000,1824.800000
15823.910000,0.000000,1803.280000
15834.020000,0.000000,1781.270000
15843.470000,0.000000,1758.770000
15852.260000,0.000000,1735.780000
15860.380000,0.000000,1712.320000
15867.820000,0.000000,1688.400000
15874.570000,0.000000,1664.030000
15880.610000,0.000000,1639.230000
15885.940000,0.000000,1614.020000
15890.530000,0.000000,1588.420000
15894.380000,0.000000,1562.460000
15897.470000,0.000000,1536.170000
15899.800000,0.000000,1509.580000
15901.360000,0.000000,1482.740000
15902.130000,0.000000,1455.680000
15902.110000,0.000000,1428.460000
15901.290000,0.000000,1401.120000
15899.680000,0.000000,1373.720000
15897.270000,0.000000,1346.320000
15894.070000,0.000000,1318.980000
15890.080000,0.000000,1291.780000
15885.950000,0.000000,1268.130000
15880.520000,0.000000,1241.350000
15874.340000,0.000000,1214.880000
15867.400000,0.000000,1188.670000
15859.690000,0.000000,1162.670000
15851.210000,0.000000,1136.850000
15841.920000,0.000000,1111.150000
15831.820000,0.000000,1085.550000
15820.880000,0.000000,1059.980000
15809.070000,0.000000,1034.410000
15796.360000,0.000000,1008.790000
15782.700000,0.000000,983.070000
15768.060000,0.000000,957.190000
15752.380000,0.000000,931.100000
15735.620000,0.000000,904.750000
15717.690000,0.000000,878.060000
15698.530000,0.000000,850.960000
15678.050000,0.000000,823.380000
15656.160000,0.000000,795.230000
15632.730000,0.000000,766.410000
15628.150000,0.000000,760.910000
15602.650000,0.000000,731.150000
15580.140000,0.000000,706.210000
15558.790000,0.000000,683.820000
15537.860000,0.000000,663.090000
15516.960000,0.000000,643.570000
15495.840000,0.000000,624.970000
15474.310000,0.000000,607.110000
15452.220000,0.000000,589.850000
15429.440000,0.000000,573.100000
15405.870000,0.000000,556.790000
15381.390000,0.000000,540.850000
15355.930000,0.000000,525.240000
15329.370000,0.000000,509.920000
15301.630000,0.000000,494.870000
15272.630000,0.000000,480.060000
15242.260000,0.000000,465.480000
15210.440000,0.000000,451.100000
15177.070000,0.000000,436.920000
15142.070000,0.000000,422.930000
15105.320000,0.000000,409.130000
15066.740000,0.000000,395.500000
15026.210000,0.000000,382.060000
14983.640000,0.000000,368.800000
14938.910000,0.000000,355.720000
14891.920000,0.000000,342.830000
14842.540000,0.000000,330.130000
14790.670000,0.000000,317.630000
14788.700000,0.000000,317.170000
16317.990000,20.000000,4785.340000
16317.510000,41.530000,4785.160000
16316.220000,63.620000,4784.900000
16314.100000,86.310000,4784.550000
16311.130000,109.600000,4784.110000
16307.280000,133.520000,4783.580000
16302.520000,158.100000,4782.950000
16296.810000,183.350000,4782.220000
16290.140000,209.300000,4781.390000
16282.460000,235.970000,4780.440000
16273.740000,263.390000,4779.390000
16263.940000,291.570000,4778.220000
16253.040000,320.540000,4776.920000
16240.980000,350.320000,4775.500000
16227.730000,380.920000,4773.940000
16213.250000,412.380000,4772.240000
16197.500000,444.700000,4770.400000
16180.430000,477.920000,4768.410000
16162.020000,512.030000,4766.250000
16142.210000,547.070000,4763.930000
16120.970000,583.040000,4761.440000
16098.250000,619.960000,4758.770000
16074.020000,657.850000,4755.910000
16048.230000,696.700000,4752.850000
16020.860000,736.530000,4749.590000
15991.860000,777.340000,4746.110000
15961.200000,819.140000,4742.400000
15928.860000,861.910000,4738.460000
15894.820000,905.650000,4734.260000
15859.060000,950.350000,4729.810000
15827.940000,988.310000,4725.890000
15788.990000,1034.690000,4720.910000
15749.800000,1080.140000,4715.840000
15710.390000,1124.650000,4710.690000
15670.740000,1168.240000,4705.450000
15630.860000,1210.930000,4700.130000
15590.750000,1252.700000,4694.750000
15550.400000,1293.580000,4689.320000
15509.820000,1333.580000,4683.830000
15469.020000,1372.690000,4678.290000
15427.980000,1410.930000,4672.720000
15386.700000,1448.300000,4667.130000
15345.200000,1484.820000,4661.510000
15303.460000,1520.480000,4655.880000
15261.490000,1555.300000,4650.250000
15219.290000,1589.270000,4644.630000
15176.860000,1622.420000,4639.020000
15134.200000,1654.730000,4633.430000
15091.310000,1686.230000,4627.880000
15061.130000,1707.790000,4624.020000
15017.850000,1737.900000,4618.550000
14974.190000,1767.310000,4613.110000
14930.110000,1796.040000,4607.690000
14885.580000,1824.120000,4602.290000
14840.550000,1851.580000,4596.900000
14794.960000,1878.440000,4591.510000
14748.780000,1904.740000,4586.110000
14701.930000,1930.500000,4580.700000
14654.360000,1955.760000,4575.260000
14605.990000,1980.550000,4569.780000
14556.730000,2004.900000,4564.260000
14506.490000,2028.860000,4558.670000
14455.180000,2052.450000,4553.010000
14402.650000,2075.730000,4547.260000
14348.780000,2098.740000,4541.390000
14293.390000,2121.540000,4535.390000
14270.160000,2130.850000,4532.880000
14212.280000,2153.470000,4526.640000
14152.960000,2175.790000,4520.270000
14092.090000,2197.860000,4513.760000
14029.510000,2219.710000,4507.080000
13965.050000,2241.380000,4500.240000
13898.490000,2262.920000,4493.190000
13829.570000,2284.400000,4485.920000
13757.960000,2305.890000,4478.400000
13683.250000,2327.500000,4470.580000
13604.890000,2349.350000,4462.410000
13522.120000,2371.630000,4453.820000
13449.300000,2390.610000,4446.280000
13355.290000,2414.380000,4436.600000
13260.700000,2437.470000,4426.910000
13165.510000,2459.890000,4417.200000
13069.700000,2481.630000,4407.490000
12973.240000,2502.700000,4397.780000
12876.120000,2523.100000,4388.080000
12778.310000,2542.840000,4378.380000
12679.790000,2561.900000,4368.680000
12608.690000,2575.160000,4361.740000
12508.880000,2593.080000,4352.070000
12407.780000,2610.420000,4342.370000
12305.310000,2627.200000,4332.640000
12201.410000,2643.410000,4322.880000
12096.000000,2659.060000,4313.100000
11988.990000,2674.150000,4303.280000
11880.310000,2688.680000,4293.440000
11769.860000,2702.650000,4283.580000
11749.280000,2705.170000,4281.760000
11636.600000,2718.490000,4271.870000
11522.230000,2731.220000,4261.990000
11406.010000,2743.360000,4252.120000
11287.760000,2754.940000,4242.260000
11167.290000,2765.960000,4232.400000
11044.370000,2776.430000,4222.540000
10918.780000,2786.350000,4212.680000
10864.590000,2790.400000,4208.500000
10734.740000,2799.570000,4198.650000
10601.930000,2808.190000,4188.840000
10465.970000,2816.270000,4179.090000
10326.670000,2823.820000,4169.430000
10183.850000,2830.850000,4159.890000
10037.330000,2837.360000,4150.500000
9935.210000,2841.520000,4144.200000
9782.090000,2847.200000,4135.130000
9620.550000,2852.550000,4126.020000
9448.290000,2857.610000,4116.770000
9262.130000,2862.440000,4107.220000
9057.400000,2867.120000,4097.190000
8925.750000,2869.850000,4090.950000
8674.070000,2874.560000,4079.430000
8423.780000,2878.660000,4068.560000
8173.570000,2882.220000,4058.340000
7922.080000,2885.320000,4048.740000
7750.000000,2887.200000,4042.580000
16317.990000,20.000000,4785.340000
16317.940000,0.000000,4785.340000
15086.010000,0.000000,2759.220000
15084.400000,0.000000,2777.630000
15083.540000,0.000000,2796.770000
15083.440000,0.000000,2816.660000
15084.140000,0.000000,2837.360000
15085.670000,0.000000,2858.900000
15088.060000,0.000000,2881.310000
15091.360000,0.000000,2904.630000
15095.600000,0.000000,2928.910000
15100.840000,0.000000,2954.180000
15107.100000,0.000000,2980.490000
15114.450000,0.000000,3007.890000
15122.920000,0.000000,3036.410000
15132.580000,0.000000,3066.090000
15143.480000,0.000000,3097.000000
15155.670000,0.000000,3129.170000
15169.220000,0.000000,3162.650000
15184.170000,0.000000,3197.490000
15200.610000,0.000000,3233.740000
15218.590000,0.000000,3271.460000
15238.170000,0.000000,3310.700000
15251.060000,0.000000,3335.640000
15273.400000,0.000000,3377.450000
15297.530000,0.000000,3420.930000
15323.540000,0.000000,3466.150000
15351.500000,0.000000,3513.180000
15381.500000,0.000000,3562.070000
15413.630000,0.000000,3612.900000
15447.970000,0.000000,3665.760000
15484.640000,0.000000,3720.730000
15523.730000,0.000000,3777.910000
15565.360000,0.000000,3837.390000
15609.640000,0.000000,3899.290000
15656.730000,0.000000,3963.750000
15706.770000,0.000000,4030.920000
15723.580000,0.000000,4053.190000
15777.810000,0.000000,4124.220000
15835.460000,0.000000,4198.440000
15896.810000,0.000000,4276.150000
15962.200000,0.000000,4357.710000
16032.110000,0.000000,4443.680000
16107.200000,0.000000,4534.790000
16188.480000,0.000000,4632.200000
16277.650000,0.000000,4737.910000
16317.940000,0.000000,4785.340000
17263.700000,20.000000,5869.950000
17263.650000,0.000000,5869.950000
16317.940000,0.000000,4785.340000
17263.650000,0.000000,5869.950000
7750.000000,1308.650000,455.820000
7662.860000,1308.940000,450.020000
7575.750000,1309.030000,445.010000
7488.680000,1308.910000,440.760000
7401.620000,1308.570000,437.290000
7314.570000,1308.000000,434.590000
7227.500000,1307.190000,432.640000
7140.410000,1306.140000,431.460000
7053.260000,1304.830000,431.040000
6966.050000,1303.260000,431.370000
6878.770000,1301.410000,432.450000
6791.380000,1299.290000,434.280000
6703.880000,1296.870000,436.860000
6616.260000,1294.150000,440.180000
6528.480000,1291.120000,444.260000
6440.540000,1287.760000,449.070000
6352.420000,1284.070000,454.630000
6264.110000,1280.040000,460.920000
6175.570000,1275.650000,467.960000
6086.810000,1270.900000,475.740000
6004.990000,1266.200000,483.540000
5915.740000,1260.710000,492.730000
5826.330000,1254.810000,502.630000
5736.870000,1248.470000,513.220000
5647.430000,1241.660000,524.480000
5558.100000,1234.370000,536.360000
5468.960000,1226.570000,548.830000
5380.070000,1218.250000,561.870000
5291.530000,1209.390000,575.440000
5203.380000,1199.970000,589.510000
5115.690000,1189.980000,604.030000
5100.000000,1188.120000,606.680000
15086.060000,20.000000,2759.220000
15081.590000,38.630000,2754.030000
15076.220000,57.670000,2748.580000
15069.900000,77.120000,2742.860000
15062.600000,97.010000,2736.850000
15054.280000,117.350000,2730.560000
15044.910000,138.170000,2723.960000
15034.430000,159.490000,2717.040000
15022.820000,181.320000,2709.800000
15010.010000,203.690000,2702.210000
14995.970000,226.610000,2694.260000
14980.640000,250.110000,2685.940000
14963.960000,274.200000,2677.240000
14945.900000,298.900000,2668.140000
14926.380000,324.230000,2658.630000
14905.350000,350.210000,2648.680000
14882.750000,376.870000,2638.300000
14858.520000,404.210000,2627.450000
14832.600000,432.260000,2616.120000
14804.920000,461.040000,2604.300000
14775.410000,490.560000,2591.970000
14744.020000,520.860000,2579.110000
14710.660000,551.940000,2565.700000
14675.260000,583.840000,2551.730000
14637.750000,616.580000,2537.170000
14598.050000,650.180000,2522.000000
14556.080000,684.660000,2506.200000
14511.740000,720.060000,2489.750000
14464.960000,756.420000,2472.620000
14415.620000,793.750000,2454.790000
14363.620000,832.120000,2436.210000
14308.830000,871.570000,2416.860000
14251.120000,912.160000,2396.700000
14190.320000,953.970000,2375.660000
14126.220000,997.110000,2353.690000
14094.760000,1017.960000,2342.970000
14025.220000,1063.360000,2319.440000
13955.570000,1107.870000,2296.080000
13885.740000,1151.570000,2272.850000
13815.650000,1194.490000,2249.740000
13745.210000,1236.700000,2226.730000
13674.330000,1278.250000,2203.780000
13602.930000,1319.190000,2180.860000
13530.890000,1359.580000,2157.950000
13458.110000,1399.480000,2135.010000
13384.480000,1438.950000,2112.010000
13309.850000,1478.060000,2088.920000
13234.090000,1516.870000,2065.690000
13157.030000,1555.460000,2042.270000
13078.500000,1593.920000,2018.630000
12998.300000,1632.310000,1994.700000
12916.180000,1670.750000,1970.420000
12831.890000,1709.350000,1945.720000
12745.110000,1748.230000,1920.530000
12741.100000,1750.010000,1919.370000
12651.330000,1789.320000,1893.550000
12562.980000,1827.140000,1868.390000
12475.860000,1863.560000,1843.820000
12389.800000,1898.690000,1819.790000
12304.640000,1932.580000,1796.260000
12220.260000,1965.320000,1773.200000
12136.550000,1996.940000,1750.570000
12053.390000,2027.520000,1728.330000
11970.690000,2057.080000,1706.470000
11888.380000,2085.670000,1684.970000
11806.370000,2113.320000,1663.790000
11724.600000,2140.060000,1642.930000
11643.000000,2165.920000,1622.370000
11561.510000,2190.920000,1602.080000
11480.080000,2215.090000,1582.070000
11398.650000,2238.430000,1562.310000
11317.170000,2260.980000,1542.790000
11257.740000,2276.910000,1528.710000
11176.090000,2298.110000,1509.590000
11093.100000,2318.860000,1490.420000
11008.810000,2339.150000,1471.210000
10923.270000,2358.940000,1452.000000
10836.520000,2378.240000,1432.800000
10748.630000,2397.010000,1413.650000
10659.650000,2415.240000,1394.560000
10569.640000,2432.910000,1375.570000
10478.680000,2450.010000,1356.690000
10386.830000,2466.530000,1337.970000
10294.170000,2482.430000,1319.420000
10200.770000,2497.730000,1301.080000
10106.730000,2512.390000,1282.970000
10012.120000,2526.410000,1265.120000
9917.030000,2539.770000,1247.570000
9821.540000,2552.470000,1230.330000
9725.760000,2564.510000,1213.450000
9629.770000,2575.860000,1196.940000
9548.410000,2584.940000,1183.270000
9452.260000,2595.030000,1167.520000
9354.900000,2604.580000,1152.020000
9256.280000,2613.590000,1136.780000
9156.360000,2622.080000,1121.820000
9055.120000,2630.050000,1107.170000
8952.520000,2637.520000,1092.860000
8848.530000,2644.500000,1078.890000
8743.150000,2651.010000,1065.310000
8636.370000,2657.060000,1052.150000
8528.200000,2662.680000,1039.430000
8418.670000,2667.880000,1027.180000
8307.810000,2672.690000,1015.460000
8195.700000,2677.130000,1004.280000
8082.410000,2681.240000,993.690000
7968.040000,2685.040000,983.720000
7852.710000,2688.570000,974.420000
7750.000000,2691.490000,966.760000
7750.000000,75.000000,0.000000
6478.680000,75.000000,-57.280000
5207.360000,75.000000,-114.560000
3936.040000,75.000000,-171.850000
2664.720000,75.000000,-229.130000
2609.230000,74.990000,-231.630000
2499.270000,74.840000,-236.580000
2389.130000,74.280000,-241.550000
2270.780000,72.890000,-246.880000
2171.790000,70.860000,-251.340000
2083.290000,68.210000,-255.330000
2001.790000,64.930000,-259.000000
1925.440000,61.040000,-262.440000
1853.120000,56.530000,-265.700000
1784.080000,51.400000,-268.810000
1717.760000,45.660000,-271.800000
1653.780000,39.300000,-274.680000
1591.810000,32.320000,-277.470000
1531.620000,24.730000,-280.180000
1472.990000,16.520000,-282.820000
1415.770000,7.680000,-285.400000
1393.400000,4.000000,-286.410000
14788.750000,20.000000,317.170000
14663.140000,28.310000,311.510000
14539.190000,35.720000,305.930000
14415.900000,42.310000,300.370000
14292.140000,48.130000,294.800000
14166.620000,53.250000,289.140000
14037.760000,57.720000,283.330000
13903.520000,61.600000,277.280000
13779.100000,64.560000,271.680000
13625.980000,67.460000,264.780000
13460.790000,69.800000,257.330000
13277.020000,71.630000,249.050000
13063.490000,72.990000,239.430000
12796.730000,73.930000,227.410000
12692.680000,74.160000,222.720000
12206.570000,74.790000,200.820000
11493.290000,75.000000,168.680000
11257.740000,75.000000,158.060000
9548.410000,75.000000,81.040000
7750.000000,75.000000,0.000000
-556.650000,4.000000,2042.750000
-558.560000,87.080000,2063.530000
-559.730000,172.150000,2084.610000
-560.180000,259.370000,2106.010000
-559.870000,348.960000,2127.780000
-558.800000,441.180000,2149.970000
-556.940000,536.330000,2172.620000
-555.440000,594.770000,2186.420000
-552.260000,695.400000,2209.980000
-548.290000,797.340000,2233.580000
-543.520000,900.650000,2257.220000
-537.940000,1005.390000,2280.890000
-531.540000,1111.610000,2304.610000
-524.320000,1219.390000,2328.370000
-519.340000,1288.210000,2343.380000
-510.740000,1398.690000,2367.200000
-501.500000,1507.980000,2390.430000
-491.630000,1616.130000,2413.070000
-481.140000,1723.150000,2435.130000
-470.040000,1829.100000,2456.610000
-458.320000,1934.000000,2477.520000
-456.260000,1951.810000,2481.030000
-443.830000,2055.530000,2501.280000
-435.520000,2121.460000,2513.940000
1393.400000,4.000000,-286.410000
1372.130000,4.000000,-245.660000
1351.980000,4.000000,-205.330000
1332.910000,4.000000,-165.390000
1314.900000,4.000000,-125.790000
1297.900000,4.000000,-86.520000
1281.900000,4.000000,-47.530000
1266.870000,4.000000,-8.790000
1252.770000,4.000000,29.710000
1239.600000,4.000000,68.030000
1227.330000,4.000000,106.190000
1215.930000,4.000000,144.210000
1205.400000,4.000000,182.140000
1195.720000,4.000000,219.990000
1186.870000,4.000000,257.810000
1178.840000,4.000000,295.630000
1176.320000,4.000000,308.350000
1169.370000,4.000000,346.200000
1163.210000,4.000000,384.150000
1157.850000,4.000000,422.220000
1153.270000,4.000000,460.420000
1149.480000,4.000000,498.750000
1146.470000,4.000000,537.230000
1144.260000,4.000000,575.870000
1142.830000,4.000000,614.670000
1142.190000,4.000000,653.660000
1142.350000,4.000000,692.850000
1143.310000,4.000000,732.240000
1145.080000,4.000000,771.850000
1147.650000,4.000000,811.690000
1151.040000,4.000000,851.780000
1155.250000,4.000000,892.130000
1155.670000,4.000000,895.770000
1160.780000,4.000000,936.410000
1166.730000,4.000000,977.240000
1173.510000,4.000000,1018.260000
1181.140000,4.000000,1059.470000
1189.610000,4.000000,1100.860000
1198.940000,4.000000,1142.440000
1209.120000,4.000000,1184.210000
1220.170000,4.000000,1226.150000
1232.100000,4.000000,1268.280000
1244.910000,4.000000,1310.570000
1258.610000,4.000000,1353.040000
1273.190000,4.000000,1395.680000
1288.690000,4.000000,1438.480000
1304.660000,4.000000,1480.370000
1304.660000,4.000000,1480.370000
1104.860000,4.000000,1545.100000
909.600000,4.000000,1607.510000
718.460000,4.000000,1667.760000
566.050000,4.000000,1715.170000
381.500000,4.000000,1771.800000
208.780000,4.000000,1823.940000
45.200000,4.000000,1872.450000
2.480000,4.000000,1884.970000
-151.960000,4.000000,1929.710000
-303.440000,4.000000,1972.750000
-452.210000,4.000000,2014.180000
-501.310000,4.000000,2027.660000
-556.660000,4.000000,2042.750000
1393.400000,4.000000,-286.410000
1393.400000,0.000000,-286.410000
1393.400000,0.000000,-286.410000
7750.000000,0.000000,0.000000
1304.660000,4.000000,1480.370000
1304.660000,0.000000,1480.370000
1304.660000,0.000000,1480.370000
1104.850000,0.000000,1545.100000
909.580000,0.000000,1607.510000
718.450000,0.000000,1667.760000
566.050000,0.000000,1715.160000
381.500000,0.000000,1771.790000
208.780000,0.000000,1823.930000
45.200000,0.000000,1872.450000
2.480000,0.000000,1884.970000
-151.960000,0.000000,1929.710000
-303.440000,0.000000,1972.740000
-452.210000,0.000000,2014.170000
-501.300000,0.000000,2027.660000
-556.640000,0.000000,2042.740000
1393.400000,0.000000,-286.410000
1372.130000,0.000000,-245.670000
1351.980000,0.000000,-205.340000
1332.910000,0.000000,-165.390000
1314.900000,0.000000,-125.800000
1297.900000,0.000000,-86.520000
1281.900000,0.000000,-47.530000
1266.870000,0.000000,-8.800000
1252.770000,0.000000,29.710000
1239.600000,0.000000,68.030000
1227.330000,0.000000,106.180000
1215.930000,0.000000,144.210000
1205.400000,0.000000,182.130000
1195.720000,0.000000,219.990000
1186.870000,0.000000,257.810000
1178.840000,0.000000,295.620000
1176.320000,0.000000,308.340000
1169.370000,0.000000,346.190000
1163.210000,0.000000,384.150000
1157.850000,0.000000,422.220000
1153.270000,0.000000,460.410000
1149.480000,0.000000,498.750000
1146.470000,0.000000,537.220000
1144.260000,0.000000,575.860000
1142.830000,0.000000,614.670000
1142.190000,0.000000,653.660000
1142.350000,0.000000,692.840000
1143.310000,0.000000,732.240000
1145.080000,0.000000,771.850000
1147.650000,0.000000,811.690000
1151.040000,0.000000,851.780000
1155.250000,0.000000,892.120000
1155.670000,0.000000,895.770000
1160.790000,0.000000,936.410000
1166.730000,0.000000,977.240000
1173.520000,0.000000,1018.260000
1181.140000,0.000000,1059.460000
1189.610000,0.000000,1100.860000
1198.940000,0.000000,1142.440000
1209.120000,0.000000,1184.200000
1220.180000,0.000000,1226.150000
1232.100000,0.000000,1268.270000
1244.910000,0.000000,1310.570000
1258.610000,0.000000,1353.040000
1273.200000,0.000000,1395.680000
1288.690000,0.000000,1438.480000
1304.660000,0.000000,1480.370000
-556.640000,0.000000,2042.740000
-556.650000,4.000000,2042.750000
